MJD	sv	C1	P1	P2
60544.00000	G08	-110.09	-110.24	-107.09
60544.00000	G10	-109.21	-108.84	-108.03
60544.00000	G16	-109.17	-108.89	-107.17
60544.00000	G18	-108.47	-108.83	-110.27
60544.00000	G23	-110.83	-110.33	-107.03
60544.00000	G26	-110.32	-110.27	-111.34
60544.00000	G27	-108.91	-108.27	-109.67
60544.00000	G32	-111.41	-111.29	-108.00
60544.00347	G08	-109.60	-109.74	-107.71
60544.00347	G10	-108.92	-108.55	-108.61
60544.00347	G16	-108.57	-108.24	-109.44
60544.00347	G18	-106.10	-106.41	-109.03
60544.00347	G23	-109.37	-109.10	-108.23
60544.00347	G26	-110.69	-110.69	-111.82
60544.00347	G27	-109.11	-108.54	-108.98
60544.00347	G32	-109.91	-109.56	-109.73
60544.00694	G08	-109.36	-109.47	-106.62
60544.00694	G10	-109.59	-109.35	-108.90
60544.00694	G16	-111.16	-110.82	-108.60
60544.00694	G18	-107.34	-107.60	-110.80
60544.00694	G23	-111.49	-111.21	-108.57
60544.00694	G27	-109.87	-109.45	-107.52
60544.00694	G32	-109.20	-109.20	-109.75
60544.01042	G08	-111.27	-111.40	-109.86
60544.01042	G10	-108.48	-108.10	-109.78
60544.01042	G16	-109.05	-108.68	-108.19
60544.01042	G18	-108.09	-106.84	-110.62
60544.01042	G23	-109.31	-109.20	-106.65
60544.01042	G27	-108.75	-108.35	-109.38
60544.01042	G32	-110.85	-110.58	-104.67
60544.01389	G08	-108.86	-108.86	-108.28
60544.01389	G10	-108.56	-108.27	-108.83
60544.01389	G16	-108.89	-108.77	-105.88
60544.01389	G18	-108.50	-107.84	-110.66
60544.01389	G23	-109.58	-108.85	-108.92
60544.01389	G27	-109.64	-109.25	-108.88
60544.01389	G32	-108.33	-108.19	-110.30
60544.01736	G08	-111.26	-111.42	-109.89
60544.01736	G10	-109.76	-109.43	-108.63
60544.01736	G16	-107.65	-107.19	-108.58
60544.01736	G23	-110.92	-110.68	-111.09
60544.01736	G27	-108.22	-107.80	-108.82
60544.01736	G32	-108.34	-108.23	-107.85
60544.02083	G08	-108.75	-108.67	-109.61
60544.02083	G10	-110.43	-109.94	-107.94
60544.02083	G16	-111.26	-110.99	-111.48
60544.02083	G21	-109.34	-108.21	-109.00
60544.02083	G23	-111.33	-111.03	-110.53
60544.02083	G27	-109.40	-109.03	-107.49
60544.02083	G32	-108.74	-108.34	-108.42
60544.02431	G08	-112.01	-112.01	-108.95
60544.02431	G10	-110.10	-109.69	-109.68
60544.02431	G16	-109.63	-109.63	-109.99
60544.02431	G21	-110.98	-110.03	-111.59
60544.02431	G23	-107.42	-107.21	-108.84
60544.02431	G27	-109.85	-109.53	-109.57
60544.02431	G32	-109.91	-109.73	-107.67
60544.02778	G08	-108.48	-108.41	-106.93
60544.02778	G10	-109.87	-109.37	-109.94
60544.02778	G16	-111.61	-110.80	-106.19
60544.02778	G21	-109.27	-108.67	-106.12
60544.02778	G23	-112.02	-112.18	-112.06
60544.02778	G27	-108.93	-108.45	-107.90
60544.02778	G32	-108.56	-108.65	-107.23
60544.03125	G08	-110.63	-110.31	-106.75
60544.03125	G10	-109.81	-109.36	-108.76
60544.03125	G16	-106.70	-105.89	-109.68
60544.03125	G21	-110.40	-110.06	-103.90
60544.03125	G23	-111.72	-111.33	-113.27
60544.03125	G27	-108.32	-107.90	-107.28
60544.03125	G32	-108.62	-108.41	-107.37
60544.03472	G08	-109.72	-109.27	-107.69
60544.03472	G10	-110.73	-110.33	-108.67
60544.03472	G21	-109.74	-109.24	-109.87
60544.03472	G23	-110.62	-109.92	-105.96
60544.03472	G27	-108.59	-108.29	-108.18
60544.03472	G32	-108.22	-107.73	-107.34
60544.03819	G08	-110.94	-110.38	-107.86
60544.03819	G10	-109.77	-109.32	-108.74
60544.03819	G21	-110.25	-109.93	-112.67
60544.03819	G23	-108.40	-108.38	-104.89
60544.03819	G27	-109.29	-108.88	-108.02
60544.03819	G32	-110.47	-109.99	-108.58
60544.04167	G08	-109.58	-109.15	-108.68
60544.04167	G10	-109.15	-108.75	-108.28
60544.04167	G21	-109.35	-109.21	-107.47
60544.04167	G23	-110.24	-109.94	-112.30
60544.04167	G27	-109.91	-109.57	-109.27
60544.04167	G32	-109.12	-108.77	-108.44
60544.04514	G08	-110.02	-109.77	-107.87
60544.04514	G10	-109.43	-109.11	-110.05
60544.04514	G21	-109.82	-109.36	-106.93
60544.04514	G23	-109.13	-107.95	-114.03
60544.04514	G27	-108.70	-108.26	-107.02
60544.04514	G32	-109.56	-109.19	-108.04
60544.04861	G02	-107.17	-106.33	-109.11
60544.04861	G08	-109.23	-108.94	-107.42
60544.04861	G10	-109.09	-108.62	-108.90
60544.04861	G21	-111.18	-110.70	-107.87
60544.04861	G23	-107.96	-106.83	-108.83
60544.04861	G27	-110.17	-109.83	-110.51
60544.04861	G32	-110.20	-110.02	-108.73
60544.05208	G02	-112.21	-111.73	-107.26
60544.05208	G08	-109.59	-109.65	-108.68
60544.05208	G10	-109.65	-109.53	-106.97
60544.05208	G21	-111.36	-110.70	-109.57
60544.05208	G23	-110.38	-108.73	-114.94
60544.05208	G27	-109.56	-109.35	-108.45
60544.05208	G32	-109.17	-108.86	-108.32
60544.05556	G02	-109.20	-109.08	-111.15
60544.05556	G08	-108.51	-108.57	-109.69
60544.05556	G10	-110.87	-110.63	-107.36
60544.05556	G21	-109.01	-108.84	-108.22
60544.05556	G23	-106.13	-106.05	-106.30
60544.05556	G27	-109.72	-109.63	-107.71
60544.05556	G32	-109.99	-109.57	-109.15
60544.05903	G02	-110.87	-110.71	-110.36
60544.05903	G08	-108.68	-108.52	-111.26
60544.05903	G10	-111.18	-110.84	-109.30
60544.05903	G21	-107.66	-107.33	-109.21
60544.05903	G27	-109.20	-109.28	-109.82
60544.05903	G32	-109.73	-109.64	-108.03
60544.06250	G02	-109.41	-109.07	-112.55
60544.06250	G08	-109.66	-109.61	-107.21
60544.06250	G10	-111.20	-110.90	-107.44
60544.06250	G21	-109.37	-109.45	-105.95
60544.06250	G27	-110.70	-110.32	-106.57
60544.06250	G32	-109.21	-108.96	-108.80
60544.06597	G02	-113.22	-113.28	-106.39
60544.06597	G08	-109.29	-109.20	-108.95
60544.06597	G10	-109.22	-108.82	-108.88
60544.06597	G21	-110.15	-110.06	-109.54
60544.06597	G27	-108.46	-108.07	-107.97
60544.06597	G32	-110.60	-110.20	-108.54
60544.06944	G02	-109.22	-108.77	-109.53
60544.06944	G08	-109.06	-108.68	-108.27
60544.06944	G10	-108.85	-108.53	-109.30
60544.06944	G21	-106.42	-106.19	-106.93
60544.06944	G27	-111.82	-111.50	-108.69
60544.06944	G32	-110.18	-109.76	-107.49
60544.07292	G02	-110.34	-110.52	-108.04
60544.07292	G08	-109.06	-108.68	-109.70
60544.07292	G10	-108.73	-108.40	-106.15
60544.07292	G21	-110.01	-109.86	-109.75
60544.07292	G27	-108.06	-107.51	-109.48
60544.07292	G28	-110.27	-110.28	-106.95
60544.07292	G32	-111.15	-110.88	-107.81
60544.07639	G02	-111.40	-111.34	-109.56
60544.07639	G08	-108.83	-108.47	-107.89
60544.07639	G10	-106.47	-106.28	-108.48
60544.07639	G21	-108.49	-108.15	-111.29
60544.07639	G27	-108.41	-108.23	-109.04
60544.07639	G28	-107.39	-106.86	-108.35
60544.07639	G32	-111.19	-110.80	-109.70
60544.07986	G02	-112.27	-112.12	-108.70
60544.07986	G08	-108.56	-108.16	-109.33
60544.07986	G10	-108.44	-108.41	-103.84
60544.07986	G21	-110.18	-110.30	-107.69
60544.07986	G27	-109.54	-109.02	-107.60
60544.07986	G28	-103.96	-103.64	-107.67
60544.07986	G32	-112.15	-111.76	-109.84
60544.08333	G02	-110.59	-110.05	-107.59
60544.08333	G08	-106.72	-106.35	-108.34
60544.08333	G10	-111.70	-111.52	-103.53
60544.08333	G21	-108.47	-108.27	-109.00
60544.08333	G27	-110.59	-109.91	-107.56
60544.08333	G28	-106.34	-105.97	-106.53
60544.08333	G32	-110.03	-109.71	-108.74
60544.08681	G02	-109.18	-109.01	-109.66
60544.08681	G08	-108.90	-108.55	-107.98
60544.08681	G10	-108.76	-108.86	-107.83
60544.08681	G21	-109.23	-108.95	-107.33
60544.08681	G27	-109.98	-109.19	-110.04
60544.08681	G28	-108.20	-108.35	-105.25
60544.08681	G32	-109.79	-109.57	-108.08
60544.09028	G02	-109.46	-109.22	-109.69
60544.09028	G08	-108.77	-108.55	-110.03
60544.09028	G10	-108.97	-108.77	-110.31
60544.09028	G21	-110.79	-110.65	-107.77
60544.09028	G27	-109.86	-109.56	-109.31
60544.09028	G28	-108.32	-108.27	-109.36
60544.09028	G32	-110.17	-110.17	-108.21
60544.09375	G02	-112.30	-112.12	-108.16
60544.09375	G08	-110.68	-110.32	-109.28
60544.09375	G10	-110.96	-111.13	-108.88
60544.09375	G21	-109.58	-109.46	-109.97
60544.09375	G27	-109.81	-109.83	-108.23
60544.09375	G28	-107.84	-107.70	-110.32
60544.09375	G32	-110.07	-110.00	-108.94
60544.09722	G02	-110.22	-110.22	-107.78
60544.09722	G08	-110.45	-110.30	-106.70
60544.09722	G10	-110.70	-111.00	-111.83
60544.09722	G21	-109.67	-109.23	-109.30
60544.09722	G27	-112.17	-111.88	-110.12
60544.09722	G28	-108.93	-108.62	-108.39
60544.09722	G32	-110.43	-110.10	-108.37
60544.10069	G02	-110.24	-109.87	-111.88
60544.10069	G03	-109.58	-107.91	-111.62
60544.10069	G08	-109.51	-109.26	-110.45
60544.10069	G10	-108.46	-108.83	-107.50
60544.10069	G21	-109.44	-109.16	-106.39
60544.10069	G27	-109.69	-109.57	-109.51
60544.10069	G28	-110.59	-110.95	-109.73
60544.10069	G31	-112.37	-111.76	-106.03
60544.10069	G32	-109.31	-109.22	-108.66
60544.10417	G02	-110.19	-110.07	-106.13
60544.10417	G03	-109.29	-108.41	-108.09
60544.10417	G08	-109.81	-109.42	-110.99
60544.10417	G10	-109.92	-109.87	-111.98
60544.10417	G21	-109.82	-109.64	-106.38
60544.10417	G27	-109.98	-109.92	-112.74
60544.10417	G28	-108.20	-108.53	-105.01
60544.10417	G31	-108.99	-107.27	-108.70
60544.10417	G32	-110.50	-110.61	-107.72
60544.10764	G02	-109.83	-109.75	-107.62
60544.10764	G03	-109.88	-109.29	-107.05
60544.10764	G08	-109.15	-108.82	-109.00
60544.10764	G10	-108.30	-108.18	-110.09
60544.10764	G21	-109.68	-109.44	-108.29
60544.10764	G27	-109.69	-109.68	-107.88
60544.10764	G28	-110.26	-110.54	-111.35
60544.10764	G31	-108.26	-107.56	-106.32
60544.10764	G32	-109.28	-108.92	-110.68
60544.11111	G02	-108.94	-108.91	-110.03
60544.11111	G03	-109.27	-108.64	-111.76
60544.11111	G08	-109.97	-109.64	-109.81
60544.11111	G10	-108.54	-108.19	-110.94
60544.11111	G21	-108.73	-108.41	-108.07
60544.11111	G27	-109.81	-109.75	-108.64
60544.11111	G28	-111.99	-111.84	-110.43
60544.11111	G31	-110.54	-110.25	-106.38
60544.11111	G32	-109.53	-109.07	-108.79
60544.11458	G02	-110.56	-110.07	-108.23
60544.11458	G03	-107.40	-106.83	-106.07
60544.11458	G08	-109.34	-109.14	-108.71
60544.11458	G10	-110.42	-109.93	-110.62
60544.11458	G21	-108.56	-108.19	-108.02
60544.11458	G27	-107.84	-106.81	-107.91
60544.11458	G28	-109.60	-109.24	-108.99
60544.11458	G31	-109.08	-108.89	-107.73
60544.11458	G32	-110.59	-109.89	-107.73
60544.11806	G02	-109.44	-108.93	-108.08
60544.11806	G03	-108.90	-108.64	-106.41
60544.11806	G08	-109.36	-109.26	-107.02
60544.11806	G10	-107.80	-108.53	-112.82
60544.11806	G21	-109.15	-108.85	-107.95
60544.11806	G27	-111.44	-110.65	-109.75
60544.11806	G28	-109.33	-109.21	-107.53
60544.11806	G31	-108.75	-108.87	-107.44
60544.11806	G32	-108.83	-108.51	-109.83
60544.12153	G02	-109.54	-109.05	-108.49
60544.12153	G03	-107.95	-107.68	-106.62
60544.12153	G08	-111.50	-111.38	-109.32
60544.12153	G10	-107.96	-107.22	-107.16
60544.12153	G21	-108.35	-107.93	-108.52
60544.12153	G27	-108.97	-108.89	-106.85
60544.12153	G28	-109.46	-109.34	-108.48
60544.12153	G31	-109.62	-109.38	-106.86
60544.12153	G32	-109.52	-109.11	-108.17
60544.12500	G02	-110.12	-109.75	-109.85
60544.12500	G03	-108.38	-107.91	-107.79
60544.12500	G08	-111.71	-111.69	-110.19
60544.12500	G10	-110.46	-109.87	-109.21
60544.12500	G21	-109.37	-108.98	-108.10
60544.12500	G27	-108.88	-108.80	-108.44
60544.12500	G28	-109.45	-109.25	-110.87
60544.12500	G31	-111.26	-111.41	-108.69
60544.12500	G32	-109.94	-109.29	-113.62
60544.12847	G02	-109.10	-108.64	-108.45
60544.12847	G03	-109.50	-109.01	-110.21
60544.12847	G08	-109.07	-108.44	-109.24
60544.12847	G21	-109.79	-109.35	-107.53
60544.12847	G27	-111.63	-110.99	-108.55
60544.12847	G28	-109.43	-109.10	-110.01
60544.12847	G31	-110.00	-110.04	-106.95
60544.12847	G32	-106.80	-106.10	-109.38
60544.13194	G02	-108.76	-108.37	-107.24
60544.13194	G03	-109.96	-109.43	-108.80
60544.13194	G04	-104.60	-104.24	-109.05
60544.13194	G08	-110.12	-109.50	-106.29
60544.13194	G21	-109.18	-108.79	-108.31
60544.13194	G28	-110.21	-109.64	-109.23
60544.13194	G31	-107.32	-106.78	-109.10
60544.13194	G32	-110.05	-110.18	-102.62
60544.13542	G02	-108.60	-108.25	-108.42
60544.13542	G03	-110.39	-110.27	-108.28
60544.13542	G04	-108.63	-108.52	-107.94
60544.13542	G08	-109.44	-108.80	-110.11
60544.13542	G21	-107.84	-107.52	-109.85
60544.13542	G28	-109.34	-109.04	-109.96
60544.13542	G31	-110.69	-110.28	-109.10
60544.13542	G32	-108.20	-107.64	-112.21
60544.13889	G02	-108.50	-108.27	-108.28
60544.13889	G03	-110.22	-110.06	-108.33
60544.13889	G04	-109.20	-108.46	-108.93
60544.13889	G08	-109.57	-109.59	-110.46
60544.13889	G17	-110.49	-110.21	-113.35
60544.13889	G21	-108.89	-108.67	-107.91
60544.13889	G28	-110.15	-109.74	-108.48
60544.13889	G31	-107.61	-107.35	-110.33
60544.13889	G32	-110.87	-110.96	-105.70
60544.14236	G02	-108.90	-108.48	-109.89
60544.14236	G03	-108.15	-107.55	-108.49
60544.14236	G04	-110.64	-110.15	-108.80
60544.14236	G08	-107.63	-107.48	-106.63
60544.14236	G17	-110.29	-110.34	-107.93
60544.14236	G21	-109.33	-108.94	-109.32
60544.14236	G28	-109.72	-109.31	-110.19
60544.14236	G31	-108.71	-108.54	-111.03
60544.14236	G32	-110.33	-110.84	-103.62
60544.14583	G02	-110.68	-110.39	-108.54
60544.14583	G03	-109.14	-108.81	-110.23
60544.14583	G04	-108.98	-108.82	-109.38
60544.14583	G08	-111.00	-110.88	-107.10
60544.14583	G17	-107.41	-107.89	-113.02
60544.14583	G21	-108.94	-108.52	-109.60
60544.14583	G28	-108.73	-108.63	-109.38
60544.14583	G31	-108.37	-108.15	-109.26
60544.14583	G32	-110.68	-110.74	-110.61
60544.14931	G02	-108.94	-108.66	-108.39
60544.14931	G03	-109.43	-108.89	-108.72
60544.14931	G04	-108.67	-108.39	-107.29
60544.14931	G08	-110.57	-110.18	-114.17
60544.14931	G17	-111.96	-112.01	-106.97
60544.14931	G21	-107.46	-107.09	-109.31
60544.14931	G28	-108.30	-108.30	-108.40
60544.14931	G31	-110.69	-110.63	-108.75
60544.14931	G32	-107.89	-106.82	-106.98
60544.15278	G02	-110.03	-109.79	-108.01
60544.15278	G03	-111.30	-110.87	-109.22
60544.15278	G04	-107.31	-106.76	-107.77
60544.15278	G08	-111.10	-110.92	-108.85
60544.15278	G17	-112.06	-111.14	-106.01
60544.15278	G21	-108.26	-107.93	-109.02
60544.15278	G28	-107.70	-107.61	-107.76
60544.15278	G31	-109.87	-109.67	-109.75
60544.15278	G32	-109.42	-109.14	-110.55
60544.15625	G02	-109.56	-109.25	-107.97
60544.15625	G03	-109.45	-108.97	-110.69
60544.15625	G04	-111.16	-110.66	-107.03
60544.15625	G08	-108.58	-108.45	-106.88
60544.15625	G17	-110.30	-109.22	-112.14
60544.15625	G21	-109.90	-109.54	-110.19
60544.15625	G28	-110.12	-109.93	-108.86
60544.15625	G31	-108.96	-108.48	-109.33
60544.15625	G32	-107.60	-108.26	-105.30
60544.15972	G02	-109.68	-109.45	-108.53
60544.15972	G03	-109.43	-109.00	-107.65
60544.15972	G04	-112.15	-111.84	-106.77
60544.15972	G08	-110.79	-110.25	-110.79
60544.15972	G17	-109.98	-109.18	-106.54
60544.15972	G21	-110.18	-110.03	-108.53
60544.15972	G28	-109.13	-108.85	-112.35
60544.15972	G31	-109.71	-109.80	-108.98
60544.15972	G32	-107.12	-107.11	-107.63
60544.16319	G02	-109.09	-108.92	-109.52
60544.16319	G03	-110.54	-110.14	-106.99
60544.16319	G04	-110.08	-109.69	-110.54
60544.16319	G08	-109.56	-109.32	-110.75
60544.16319	G17	-109.46	-108.91	-108.57
60544.16319	G21	-108.89	-108.69	-109.18
60544.16319	G28	-109.05	-108.67	-109.11
60544.16319	G31	-110.74	-110.40	-108.30
60544.16667	G02	-109.25	-109.06	-108.73
60544.16667	G03	-109.70	-109.03	-109.60
60544.16667	G04	-109.07	-108.98	-110.67
60544.16667	G17	-108.49	-107.80	-109.69
60544.16667	G21	-108.95	-108.64	-108.51
60544.16667	G28	-110.75	-110.35	-109.25
60544.16667	G31	-108.72	-108.23	-109.61
60544.17014	G02	-109.19	-108.91	-108.57
60544.17014	G03	-108.45	-108.08	-108.20
60544.17014	G04	-110.86	-110.51	-109.68
60544.17014	G17	-108.12	-107.95	-110.28
60544.17014	G21	-109.59	-109.29	-108.36
60544.17014	G28	-112.29	-112.03	-107.41
60544.17014	G31	-110.65	-110.36	-108.10
60544.17361	G02	-109.57	-109.23	-108.83
60544.17361	G03	-109.81	-109.51	-109.45
60544.17361	G04	-111.41	-111.17	-105.77
60544.17361	G17	-108.98	-108.78	-114.33
60544.17361	G21	-107.70	-107.21	-109.85
60544.17361	G28	-109.37	-108.94	-110.47
60544.17361	G31	-108.88	-108.60	-108.40
60544.17708	G02	-109.87	-109.43	-109.24
60544.17708	G03	-108.63	-108.32	-109.08
60544.17708	G04	-109.39	-109.12	-112.94
60544.17708	G17	-109.76	-109.19	-113.68
60544.17708	G21	-110.17	-109.83	-107.73
60544.17708	G28	-110.08	-109.52	-107.09
60544.17708	G31	-110.23	-109.94	-107.48
60544.18056	G02	-110.00	-109.66	-108.45
60544.18056	G03	-108.07	-107.75	-110.10
60544.18056	G04	-110.01	-109.67	-109.13
60544.18056	G17	-110.78	-110.50	-103.63
60544.18056	G21	-110.25	-109.92	-109.48
60544.18056	G28	-109.51	-109.23	-110.24
60544.18056	G31	-108.37	-107.93	-108.72
60544.18403	G02	-108.27	-107.92	-108.80
60544.18403	G03	-110.13	-109.89	-109.07
60544.18403	G04	-109.88	-109.78	-108.04
60544.18403	G19	-110.39	-109.65	-109.96
60544.18403	G21	-110.00	-109.60	-109.00
60544.18403	G28	-107.72	-107.72	-107.36
60544.18403	G31	-109.79	-109.55	-109.76
60544.18750	G02	-109.57	-109.02	-108.56
60544.18750	G03	-108.51	-108.19	-108.40
60544.18750	G04	-110.45	-110.13	-108.35
60544.18750	G19	-109.40	-108.87	-109.73
60544.18750	G21	-108.80	-108.46	-106.08
60544.18750	G28	-105.73	-105.55	-108.77
60544.18750	G31	-109.53	-109.35	-108.46
60544.19097	G02	-109.25	-109.00	-107.55
60544.19097	G03	-109.51	-109.14	-110.10
60544.19097	G04	-111.37	-111.07	-106.49
60544.19097	G17	-109.72	-109.37	-110.21
60544.19097	G19	-105.63	-104.64	-109.31
60544.19097	G21	-108.55	-108.65	-109.68
60544.19097	G28	-107.62	-106.93	-106.75
60544.19097	G31	-110.04	-110.08	-107.11
60544.19444	G02	-109.40	-109.06	-109.94
60544.19444	G03	-109.40	-108.95	-108.14
60544.19444	G04	-109.32	-109.07	-107.55
60544.19444	G17	-105.05	-104.49	-107.67
60544.19444	G19	-105.16	-104.52	-116.50
60544.19444	G21	-108.80	-109.01	-108.45
60544.19444	G28	-108.62	-108.51	-109.18
60544.19444	G31	-111.65	-111.35	-110.67
60544.19792	G02	-110.17	-110.10	-109.10
60544.19792	G03	-109.22	-108.49	-109.76
60544.19792	G04	-108.57	-108.49	-108.37
60544.19792	G17	-112.17	-111.45	-111.82
60544.19792	G19	-113.42	-112.79	-108.15
60544.19792	G21	-110.49	-110.37	-110.65
60544.19792	G28	-110.95	-110.77	-109.72
60544.19792	G31	-111.12	-110.77	-110.24
60544.20139	G02	-109.66	-109.52	-107.75
60544.20139	G03	-109.13	-108.89	-109.14
60544.20139	G04	-111.24	-110.82	-110.06
60544.20139	G09	-110.01	-110.44	-111.70
60544.20139	G19	-111.67	-110.84	-101.08
60544.20139	G21	-109.78	-109.74	-106.46
60544.20139	G28	-108.67	-108.46	-113.02
60544.20139	G31	-110.50	-110.10	-108.36
60544.20486	G02	-110.22	-109.91	-109.72
60544.20486	G03	-110.74	-110.40	-108.95
60544.20486	G04	-110.08	-109.70	-108.15
60544.20486	G09	-109.52	-109.23	-111.22
60544.20486	G19	-105.34	-105.07	-103.69
60544.20486	G21	-107.14	-106.92	-108.85
60544.20486	G28	-113.07	-112.91	-103.35
60544.20486	G31	-110.88	-110.77	-108.70
60544.20833	G02	-111.57	-111.26	-109.93
60544.20833	G03	-109.11	-108.81	-107.82
60544.20833	G04	-109.20	-108.73	-110.87
60544.20833	G09	-108.37	-107.90	-114.43
60544.20833	G21	-108.79	-109.10	-110.30
60544.20833	G28	-109.88	-109.31	-107.90
60544.20833	G31	-110.11	-109.89	-108.04
60544.21181	G02	-110.06	-109.76	-108.97
60544.21181	G03	-110.39	-110.03	-107.65
60544.21181	G04	-110.53	-110.12	-107.63
60544.21181	G09	-109.38	-108.92	-109.70
60544.21181	G21	-111.16	-111.15	-105.94
60544.21181	G28	-108.88	-107.91	-111.36
60544.21181	G31	-109.52	-109.48	-110.38
60544.21528	G02	-109.17	-108.90	-106.73
60544.21528	G03	-108.89	-108.51	-108.75
60544.21528	G04	-107.99	-107.60	-108.00
60544.21528	G06	-110.26	-109.72	-111.99
60544.21528	G09	-108.69	-108.38	-109.00
60544.21528	G21	-109.14	-109.02	-108.04
60544.21528	G28	-110.66	-110.75	-114.04
60544.21528	G31	-108.83	-108.77	-109.19
60544.21875	G02	-109.00	-108.82	-111.57
60544.21875	G03	-110.45	-110.03	-107.70
60544.21875	G04	-108.86	-108.69	-109.32
60544.21875	G06	-110.62	-109.83	-110.58
60544.21875	G09	-109.97	-109.49	-110.50
60544.21875	G21	-110.68	-110.59	-108.04
60544.21875	G26	-113.69	-112.92	-106.35
60544.21875	G28	-106.82	-106.82	-118.78
60544.21875	G31	-108.42	-107.96	-107.72
60544.22222	G02	-109.52	-109.33	-110.02
60544.22222	G03	-110.37	-110.07	-108.55
60544.22222	G04	-108.37	-108.23	-107.28
60544.22222	G06	-113.58	-112.76	-104.61
60544.22222	G09	-109.12	-108.56	-111.50
60544.22222	G21	-108.87	-108.38	-107.32
60544.22222	G26	-109.51	-109.26	-104.86
60544.22222	G28	-108.17	-107.78	-106.65
60544.22222	G31	-109.29	-108.68	-109.71
60544.22569	G02	-109.67	-109.42	-112.29
60544.22569	G03	-109.43	-109.22	-108.66
60544.22569	G04	-108.40	-107.98	-107.93
60544.22569	G06	-111.22	-111.22	-105.81
60544.22569	G09	-108.74	-108.35	-109.25
60544.22569	G21	-109.19	-109.19	-113.97
60544.22569	G26	-112.01	-111.64	-105.50
60544.22569	G28	-108.65	-107.45	-108.08
60544.22569	G31	-109.25	-108.74	-109.04
60544.22917	G02	-110.95	-110.52	-108.09
60544.22917	G03	-109.68	-109.36	-109.95
60544.22917	G04	-108.14	-107.82	-107.83
60544.22917	G06	-109.73	-110.06	-107.51
60544.22917	G09	-109.95	-109.84	-109.29
60544.22917	G21	-109.02	-108.90	-107.58
60544.22917	G26	-110.16	-110.26	-109.57
60544.22917	G31	-109.43	-109.01	-107.41
60544.23264	G02	-109.87	-109.33	-106.28
60544.23264	G03	-109.34	-109.21	-108.47
60544.23264	G04	-110.17	-109.87	-107.53
60544.23264	G06	-111.95	-111.55	-110.85
60544.23264	G09	-109.19	-108.80	-108.05
60544.23264	G21	-110.11	-110.00	-110.97
60544.23264	G26	-106.91	-106.73	-109.14
60544.23264	G31	-110.13	-109.95	-106.96
60544.23611	G02	-108.23	-107.77	-111.04
60544.23611	G03	-110.12	-109.67	-109.03
60544.23611	G04	-109.83	-109.37	-108.18
60544.23611	G06	-112.09	-111.67	-108.21
60544.23611	G09	-110.88	-110.27	-108.27
60544.23611	G21	-111.15	-110.80	-108.54
60544.23611	G26	-111.24	-111.06	-110.35
60544.23611	G31	-108.39	-108.00	-109.68
60544.23958	G02	-109.73	-109.60	-108.56
60544.23958	G03	-110.32	-109.89	-108.55
60544.23958	G04	-110.31	-110.04	-108.07
60544.23958	G06	-113.17	-113.17	-109.22
60544.23958	G09	-108.57	-108.08	-105.13
60544.23958	G21	-107.80	-107.59	-108.99
60544.23958	G26	-110.54	-110.21	-110.01
60544.23958	G31	-108.87	-108.74	-109.06
60544.24306	G02	-109.59	-109.71	-111.34
60544.24306	G03	-109.56	-109.09	-108.79
60544.24306	G04	-109.58	-109.33	-108.71
60544.24306	G06	-110.96	-110.81	-112.22
60544.24306	G09	-112.12	-111.72	-108.35
60544.24306	G16	-108.46	-106.08	-107.40
60544.24306	G21	-108.21	-107.90	-106.33
60544.24306	G26	-108.22	-108.02	-109.20
60544.24306	G31	-109.87	-109.34	-109.94
60544.24653	G02	-110.94	-111.39	-106.54
60544.24653	G03	-108.91	-108.56	-109.49
60544.24653	G04	-109.32	-108.98	-106.17
60544.24653	G06	-110.64	-110.26	-106.27
60544.24653	G07	-108.49	-107.75	-106.06
60544.24653	G09	-108.25	-107.94	-108.14
60544.24653	G16	-109.77	-107.13	-112.55
60544.24653	G21	-114.87	-116.28	-108.71
60544.24653	G26	-109.48	-109.33	-105.59
60544.24653	G31	-109.00	-108.56	-109.35
60544.25000	G02	-108.84	-108.88	-109.82
60544.25000	G03	-109.40	-109.13	-110.03
60544.25000	G04	-108.49	-108.18	-108.44
60544.25000	G06	-111.45	-111.18	-107.45
60544.25000	G07	-110.17	-109.54	-108.45
60544.25000	G09	-109.35	-108.82	-109.38
60544.25000	G16	-109.54	-109.05	-109.65
60544.25000	G26	-108.10	-107.82	-105.72
60544.25000	G31	-110.02	-109.55	-108.67
60544.25347	G02	-109.10	-108.80	-108.54
60544.25347	G03	-109.21	-108.75	-109.25
60544.25347	G04	-109.84	-109.50	-108.67
60544.25347	G06	-111.00	-110.82	-110.59
60544.25347	G07	-107.94	-108.01	-107.88
60544.25347	G09	-110.23	-109.83	-110.33
60544.25347	G16	-115.19	-115.36	-109.21
60544.25347	G26	-107.74	-107.53	-109.17
60544.25347	G31	-109.23	-108.65	-112.65
60544.25694	G02	-106.19	-105.65	-108.80
60544.25694	G03	-109.40	-109.09	-108.22
60544.25694	G04	-107.97	-107.64	-108.15
60544.25694	G06	-110.13	-109.95	-107.44
60544.25694	G07	-112.13	-112.55	-110.93
60544.25694	G09	-110.53	-110.17	-108.80
60544.25694	G16	-111.85	-111.03	-107.51
60544.25694	G26	-108.10	-107.97	-111.15
60544.25694	G31	-107.39	-106.83	-109.74
60544.26042	G02	-110.60	-110.57	-107.79
60544.26042	G03	-108.45	-108.17	-108.16
60544.26042	G04	-109.06	-108.84	-106.80
60544.26042	G06	-109.42	-109.51	-110.85
60544.26042	G07	-107.91	-107.80	-107.17
60544.26042	G09	-109.87	-109.60	-108.95
60544.26042	G16	-110.14	-109.54	-102.22
60544.26042	G26	-109.53	-109.00	-106.87
60544.26042	G31	-112.50	-112.24	-110.61
60544.26389	G02	-109.75	-109.56	-108.06
60544.26389	G03	-110.46	-110.16	-109.14
60544.26389	G04	-109.36	-109.23	-107.26
60544.26389	G06	-110.27	-110.12	-110.95
60544.26389	G07	-109.72	-109.25	-108.21
60544.26389	G09	-107.48	-107.12	-109.79
60544.26389	G16	-108.69	-108.17	-108.68
60544.26389	G26	-108.88	-108.43	-107.86
60544.26389	G31	-107.36	-107.19	-110.92
60544.26736	G02	-112.44	-113.05	-106.78
60544.26736	G03	-108.81	-108.77	-108.37
60544.26736	G04	-108.85	-108.65	-109.45
60544.26736	G06	-110.22	-110.24	-109.64
60544.26736	G07	-108.29	-107.83	-108.15
60544.26736	G09	-108.88	-108.47	-108.37
60544.26736	G16	-110.39	-110.53	-109.83
60544.26736	G26	-110.62	-110.38	-112.63
60544.26736	G31	-109.33	-108.42	-108.16
60544.27083	G02	-109.55	-109.75	-107.62
60544.27083	G03	-110.54	-110.42	-107.56
60544.27083	G04	-108.72	-108.36	-106.67
60544.27083	G06	-110.05	-109.87	-108.98
60544.27083	G07	-108.79	-108.14	-109.97
60544.27083	G09	-110.00	-109.54	-108.96
60544.27083	G16	-109.69	-109.21	-110.69
60544.27083	G26	-107.88	-107.63	-108.63
60544.27083	G31	-109.07	-107.05	-108.96
60544.27431	G03	-109.17	-108.85	-107.82
60544.27431	G04	-110.64	-110.51	-109.83
60544.27431	G06	-109.73	-109.67	-109.21
60544.27431	G07	-109.06	-108.76	-109.66
60544.27431	G09	-110.87	-110.72	-106.52
60544.27431	G16	-107.38	-107.07	-108.75
60544.27431	G26	-110.05	-109.95	-106.50
60544.27431	G31	-108.08	-106.66	-106.81
60544.27778	G03	-110.44	-110.30	-108.51
60544.27778	G04	-108.57	-108.31	-107.85
60544.27778	G06	-111.14	-110.77	-104.42
60544.27778	G07	-108.99	-108.60	-110.58
60544.27778	G09	-109.30	-109.05	-110.80
60544.27778	G16	-111.64	-110.98	-109.58
60544.27778	G26	-110.69	-110.87	-106.91
60544.27778	G31	-107.75	-108.48	-112.83
60544.28125	G03	-107.39	-107.38	-109.50
60544.28125	G04	-110.02	-109.72	-109.41
60544.28125	G06	-111.08	-110.65	-107.60
60544.28125	G07	-110.24	-110.00	-109.30
60544.28125	G09	-110.43	-110.28	-108.37
60544.28125	G16	-111.24	-110.54	-110.23
60544.28125	G26	-108.92	-109.26	-107.17
60544.28125	G31	-110.66	-110.42	-110.98
60544.28472	G03	-109.49	-109.34	-109.15
60544.28472	G04	-111.55	-111.34	-109.14
60544.28472	G06	-109.96	-109.88	-110.10
60544.28472	G07	-110.12	-109.61	-108.87
60544.28472	G09	-108.77	-108.50	-107.20
60544.28472	G16	-109.45	-109.02	-109.10
60544.28472	G26	-107.07	-107.17	-106.21
60544.28472	G31	-110.39	-110.18	-112.13
60544.28819	G03	-110.36	-110.12	-110.34
60544.28819	G04	-108.71	-108.38	-108.22
60544.28819	G06	-111.05	-110.90	-110.13
60544.28819	G07	-108.64	-108.32	-108.26
60544.28819	G09	-107.28	-107.10	-109.39
60544.28819	G11	-107.74	-107.63	-114.34
60544.28819	G16	-110.47	-110.08	-107.73
60544.28819	G26	-107.51	-106.88	-106.56
60544.29167	G03	-109.71	-109.41	-107.81
60544.29167	G04	-109.93	-109.69	-110.00
60544.29167	G06	-111.67	-111.18	-107.62
60544.29167	G07	-109.98	-110.02	-108.53
60544.29167	G09	-110.22	-110.00	-109.60
60544.29167	G11	-106.99	-106.56	-113.01
60544.29167	G16	-109.94	-109.72	-109.69
60544.29167	G26	-109.24	-108.19	-107.43
60544.29514	G03	-107.86	-107.58	-109.72
60544.29514	G04	-109.81	-109.52	-109.12
60544.29514	G06	-109.84	-109.40	-107.13
60544.29514	G07	-109.57	-109.23	-109.08
60544.29514	G09	-109.90	-109.42	-107.90
60544.29514	G11	-111.29	-111.16	-112.18
60544.29514	G16	-108.16	-107.58	-109.27
60544.29514	G26	-108.49	-108.55	-106.99
60544.29861	G03	-110.02	-109.68	-109.28
60544.29861	G04	-108.49	-108.17	-107.91
60544.29861	G06	-109.03	-108.39	-106.28
60544.29861	G07	-108.51	-108.09	-109.51
60544.29861	G09	-110.69	-110.33	-108.73
60544.29861	G11	-110.22	-110.35	-111.52
60544.29861	G16	-109.49	-109.12	-105.63
60544.29861	G26	-106.99	-107.14	-109.09
60544.30208	G03	-110.51	-110.12	-107.72
60544.30208	G04	-109.93	-109.45	-108.31
60544.30208	G06	-110.68	-110.22	-108.52
60544.30208	G07	-110.17	-109.61	-109.14
60544.30208	G09	-109.09	-108.84	-107.96
60544.30208	G11	-110.21	-109.92	-104.59
60544.30208	G16	-108.10	-108.04	-108.18
60544.30208	G26	-111.19	-111.67	-113.32
60544.30556	G03	-112.13	-111.85	-109.29
60544.30556	G04	-108.19	-107.88	-109.01
60544.30556	G06	-110.11	-109.87	-109.22
60544.30556	G07	-108.01	-107.62	-108.39
60544.30556	G09	-110.16	-109.70	-109.75
60544.30556	G11	-111.66	-111.39	-106.07
60544.30556	G16	-108.05	-107.66	-106.94
60544.30556	G30	-109.87	-110.12	-105.48
60544.30903	G03	-109.27	-109.26	-108.57
60544.30903	G04	-109.02	-109.02	-107.57
60544.30903	G06	-112.03	-111.73	-110.31
60544.30903	G07	-109.59	-109.28	-108.16
60544.30903	G09	-109.60	-109.26	-107.43
60544.30903	G11	-110.79	-110.21	-109.20
60544.30903	G16	-108.81	-108.65	-108.07
60544.30903	G30	-108.89	-108.55	-109.96
60544.31250	G03	-109.26	-108.84	-108.87
60544.31250	G04	-110.40	-110.23	-107.65
60544.31250	G06	-110.49	-110.32	-109.55
60544.31250	G07	-110.26	-109.81	-109.21
60544.31250	G09	-110.91	-110.65	-108.77
60544.31250	G11	-108.13	-107.64	-104.85
60544.31250	G16	-106.98	-106.46	-105.88
60544.31250	G30	-111.45	-111.35	-106.97
60544.31597	G03	-110.17	-109.99	-108.39
60544.31597	G04	-110.25	-110.12	-107.87
60544.31597	G06	-110.65	-110.40	-109.32
60544.31597	G07	-108.90	-108.60	-105.99
60544.31597	G09	-109.42	-109.21	-108.49
60544.31597	G11	-109.63	-109.36	-108.98
60544.31597	G16	-108.58	-108.29	-105.74
60544.31597	G30	-110.73	-110.61	-109.28
60544.31944	G03	-109.52	-109.24	-107.31
60544.31944	G04	-110.19	-110.00	-108.64
60544.31944	G06	-109.69	-109.11	-110.19
60544.31944	G07	-109.78	-109.50	-109.23
60544.31944	G09	-108.96	-108.53	-107.70
60544.31944	G11	-109.10	-108.62	-110.26
60544.31944	G16	-107.48	-107.14	-109.88
60544.31944	G30	-111.01	-110.82	-106.43
60544.32292	G03	-108.90	-108.60	-108.56
60544.32292	G04	-110.30	-109.81	-108.38
60544.32292	G06	-112.12	-111.70	-112.45
60544.32292	G07	-108.72	-108.37	-107.73
60544.32292	G09	-107.69	-107.39	-109.21
60544.32292	G11	-109.99	-109.42	-105.47
60544.32292	G16	-110.47	-110.69	-108.39
60544.32292	G30	-109.13	-108.95	-110.03
60544.32639	G03	-109.05	-108.79	-112.42
60544.32639	G04	-108.10	-107.54	-107.44
60544.32639	G06	-109.60	-109.41	-111.40
60544.32639	G07	-107.75	-107.60	-109.81
60544.32639	G09	-109.70	-109.48	-107.71
60544.32639	G11	-112.74	-112.17	-106.01
60544.32639	G16	-109.47	-109.54	-111.34
60544.32639	G20	-110.88	-111.47	-105.31
60544.32639	G30	-111.31	-110.88	-108.83
60544.32986	G03	-109.17	-108.92	-110.61
60544.32986	G04	-107.87	-107.72	-108.09
60544.32986	G06	-108.89	-108.99	-109.04
60544.32986	G07	-109.76	-109.61	-108.30
60544.32986	G09	-110.10	-109.98	-107.54
60544.32986	G11	-108.43	-107.91	-109.65
60544.32986	G16	-108.66	-108.05	-107.61
60544.32986	G20	-112.54	-113.34	-116.07
60544.32986	G30	-111.31	-110.98	-106.62
60544.33333	G03	-109.51	-109.54	-107.85
60544.33333	G04	-107.49	-107.22	-110.81
60544.33333	G06	-112.20	-112.26	-109.44
60544.33333	G07	-108.64	-108.38	-108.54
60544.33333	G09	-110.25	-110.11	-108.04
60544.33333	G11	-109.49	-108.73	-113.34
60544.33333	G16	-106.90	-106.16	-109.40
60544.33333	G20	-109.56	-110.49	-108.92
60544.33333	G30	-110.58	-110.27	-105.89
60544.33681	G03	-106.52	-105.79	-108.45
60544.33681	G04	-108.28	-108.23	-109.66
60544.33681	G06	-109.69	-109.50	-111.12
60544.33681	G07	-109.43	-109.29	-109.70
60544.33681	G09	-109.71	-109.31	-107.99
60544.33681	G11	-110.57	-110.13	-109.05
60544.33681	G16	-110.23	-110.32	-110.23
60544.33681	G20	-111.83	-112.05	-111.50
60544.33681	G30	-108.99	-108.97	-108.60
60544.34028	G03	-107.81	-107.61	-106.28
60544.34028	G04	-108.35	-107.90	-108.18
60544.34028	G06	-109.43	-109.25	-109.87
60544.34028	G07	-109.19	-108.82	-107.98
60544.34028	G09	-109.47	-109.18	-110.33
60544.34028	G11	-109.39	-109.42	-108.24
60544.34028	G16	-106.98	-107.70	-110.03
60544.34028	G20	-110.39	-109.60	-109.39
60544.34028	G30	-110.84	-110.36	-108.65
60544.34375	G03	-108.06	-107.37	-107.40
60544.34375	G04	-107.34	-106.77	-107.90
60544.34375	G06	-110.78	-110.56	-108.02
60544.34375	G07	-110.30	-110.08	-109.43
60544.34375	G09	-109.11	-108.89	-108.21
60544.34375	G11	-106.66	-106.80	-110.86
60544.34375	G16	-111.50	-111.59	-111.20
60544.34375	G20	-112.65	-112.17	-105.74
60544.34375	G30	-109.28	-108.83	-109.65
60544.34722	G03	-110.20	-109.66	-111.69
60544.34722	G04	-111.87	-111.87	-108.64
60544.34722	G06	-110.11	-109.64	-111.62
60544.34722	G07	-108.55	-108.31	-107.82
60544.34722	G09	-109.07	-108.86	-109.68
60544.34722	G11	-109.81	-109.63	-105.08
60544.34722	G16	-108.25	-108.16	-106.26
60544.34722	G20	-110.42	-110.16	-105.14
60544.34722	G30	-111.75	-111.51	-109.90
60544.35069	G03	-107.20	-107.03	-107.89
60544.35069	G04	-107.52	-106.87	-108.70
60544.35069	G06	-108.19	-107.83	-111.46
60544.35069	G07	-109.17	-108.94	-108.78
60544.35069	G09	-108.89	-108.41	-109.05
60544.35069	G11	-106.37	-106.62	-107.81
60544.35069	G16	-106.84	-106.05	-109.96
60544.35069	G20	-109.23	-108.59	-110.12
60544.35069	G30	-110.78	-110.67	-108.09
60544.35417	G03	-107.90	-107.67	-105.13
60544.35417	G04	-110.63	-110.04	-106.49
60544.35417	G06	-109.25	-108.56	-105.92
60544.35417	G07	-109.65	-109.41	-108.94
60544.35417	G09	-108.96	-108.52	-109.03
60544.35417	G11	-109.58	-109.11	-110.85
60544.35417	G14	-113.31	-111.52	-115.53
60544.35417	G16	-109.40	-108.58	-107.13
60544.35417	G20	-108.15	-107.52	-107.66
60544.35417	G30	-110.88	-110.92	-110.30
60544.35764	G04	-108.93	-108.85	-110.57
60544.35764	G06	-109.32	-108.80	-112.19
60544.35764	G07	-107.75	-107.50	-108.29
60544.35764	G09	-109.55	-109.29	-109.05
60544.35764	G11	-108.89	-108.27	-110.32
60544.35764	G14	-108.29	-107.31	-108.23
60544.35764	G16	-107.44	-106.90	-107.16
60544.35764	G20	-107.48	-106.92	-110.57
60544.35764	G30	-110.38	-110.15	-107.78
60544.36111	G04	-109.54	-109.63	-108.85
60544.36111	G06	-112.18	-111.93	-109.45
60544.36111	G07	-108.65	-108.35	-108.92
60544.36111	G09	-108.87	-108.74	-109.69
60544.36111	G11	-109.88	-109.21	-105.34
60544.36111	G14	-106.20	-105.04	-106.61
60544.36111	G16	-109.64	-109.92	-109.64
60544.36111	G20	-109.35	-108.75	-110.13
60544.36111	G30	-109.09	-108.92	-110.04
60544.36458	G04	-109.24	-109.09	-109.57
60544.36458	G07	-109.55	-109.22	-108.52
60544.36458	G09	-110.14	-109.99	-111.02
60544.36458	G11	-107.96	-107.11	-103.94
60544.36458	G14	-109.41	-108.80	-104.58
60544.36458	G16	-110.26	-110.34	-110.08
60544.36458	G20	-106.64	-105.91	-110.04
60544.36458	G30	-110.15	-109.95	-108.56
60544.36806	G04	-112.73	-112.82	-109.39
60544.36806	G07	-108.45	-108.02	-108.11
60544.36806	G09	-110.48	-110.37	-108.34
60544.36806	G11	-118.73	-118.27	-112.51
60544.36806	G14	-111.88	-111.50	-114.18
60544.36806	G16	-110.89	-109.77	-107.86
60544.36806	G20	-109.20	-108.56	-106.13
60544.36806	G30	-108.70	-108.52	-107.48
60544.37153	G04	-108.24	-108.48	-110.89
60544.37153	G07	-108.91	-108.24	-107.51
60544.37153	G09	-110.88	-110.71	-108.70
60544.37153	G14	-111.57	-111.63	-105.84
60544.37153	G20	-107.98	-107.46	-110.91
60544.37153	G30	-110.47	-110.27	-108.77
60544.37500	G04	-108.45	-108.04	-106.02
60544.37500	G05	-111.50	-111.64	-110.49
60544.37500	G07	-109.48	-109.21	-107.85
60544.37500	G09	-109.53	-109.51	-108.78
60544.37500	G14	-109.70	-109.18	-107.82
60544.37500	G20	-107.67	-107.28	-106.15
60544.37500	G30	-108.68	-108.57	-108.27
60544.37847	G04	-108.61	-108.06	-107.96
60544.37847	G05	-112.21	-112.18	-111.04
60544.37847	G07	-109.99	-109.62	-108.68
60544.37847	G09	-109.25	-108.62	-109.39
60544.37847	G14	-110.47	-110.98	-107.79
60544.37847	G20	-107.16	-106.93	-109.14
60544.37847	G30	-109.81	-109.39	-109.18
60544.38194	G04	-108.98	-108.54	-109.20
60544.38194	G05	-112.92	-111.69	-110.27
60544.38194	G07	-108.87	-108.61	-108.77
60544.38194	G09	-110.43	-110.16	-107.63
60544.38194	G14	-110.90	-111.15	-110.50
60544.38194	G20	-108.91	-108.91	-110.47
60544.38194	G30	-108.57	-108.21	-109.32
60544.38542	G04	-107.05	-106.70	-108.72
60544.38542	G05	-106.88	-105.36	-104.82
60544.38542	G07	-109.69	-109.54	-106.80
60544.38542	G09	-107.57	-107.32	-107.87
60544.38542	G14	-108.62	-108.56	-106.01
60544.38542	G20	-108.31	-108.22	-107.56
60544.38542	G30	-108.92	-108.70	-107.78
60544.38889	G04	-113.49	-113.09	-107.95
60544.38889	G05	-106.90	-106.45	-101.69
60544.38889	G07	-110.53	-110.38	-108.88
60544.38889	G09	-109.52	-109.22	-107.30
60544.38889	G14	-110.99	-110.84	-108.27
60544.38889	G20	-109.66	-109.38	-107.08
60544.38889	G22	-107.33	-107.44	-101.48
60544.38889	G30	-108.47	-108.15	-107.67
60544.39236	G04	-109.07	-108.95	-105.91
60544.39236	G05	-110.60	-109.15	-104.35
60544.39236	G07	-109.75	-109.50	-109.78
60544.39236	G08	-107.10	-107.13	-109.83
60544.39236	G09	-111.37	-111.02	-108.66
60544.39236	G14	-110.01	-109.65	-109.06
60544.39236	G20	-109.71	-109.40	-106.60
60544.39236	G22	-109.58	-108.48	-109.14
60544.39236	G30	-108.97	-108.76	-111.03
60544.39583	G04	-109.99	-109.34	-112.02
60544.39583	G05	-110.31	-110.20	-105.73
60544.39583	G07	-108.90	-108.65	-109.26
60544.39583	G08	-104.80	-104.51	-108.74
60544.39583	G09	-110.05	-109.90	-109.43
60544.39583	G14	-107.47	-107.14	-109.79
60544.39583	G20	-109.72	-109.27	-105.97
60544.39583	G22	-105.27	-103.97	-108.09
60544.39583	G30	-107.75	-107.39	-107.73
60544.39931	G04	-108.80	-108.44	-107.10
60544.39931	G05	-109.97	-109.87	-106.95
60544.39931	G07	-109.31	-108.72	-109.00
60544.39931	G08	-110.61	-110.18	-107.54
60544.39931	G09	-110.01	-109.70	-108.37
60544.39931	G14	-108.73	-108.49	-105.26
60544.39931	G20	-108.87	-108.61	-108.94
60544.39931	G22	-110.38	-109.91	-110.82
60544.39931	G30	-107.03	-106.80	-108.52
60544.40278	G04	-112.38	-112.00	-108.23
60544.40278	G05	-109.38	-109.32	-111.16
60544.40278	G07	-109.52	-109.13	-109.71
60544.40278	G08	-109.23	-107.80	-111.93
60544.40278	G09	-108.88	-108.21	-109.05
60544.40278	G14	-113.19	-112.79	-109.45
60544.40278	G20	-108.25	-107.99	-108.93
60544.40278	G22	-108.84	-109.40	-104.78
60544.40278	G30	-109.57	-109.23	-108.04
60544.40625	G04	-109.37	-108.47	-109.30
60544.40625	G05	-109.28	-109.02	-105.58
60544.40625	G07	-110.36	-109.92	-108.66
60544.40625	G08	-108.84	-108.11	-108.27
60544.40625	G09	-110.04	-109.63	-107.74
60544.40625	G14	-112.06	-111.78	-109.90
60544.40625	G20	-109.45	-109.00	-110.44
60544.40625	G22	-111.99	-111.47	-109.93
60544.40625	G30	-109.76	-109.43	-107.16
60544.40972	G05	-107.67	-107.56	-113.42
60544.40972	G07	-108.81	-108.73	-109.48
60544.40972	G08	-107.12	-106.85	-110.52
60544.40972	G09	-109.64	-109.42	-108.05
60544.40972	G14	-109.56	-109.08	-107.76
60544.40972	G20	-110.99	-110.65	-107.96
60544.40972	G22	-107.53	-107.41	-110.23
60544.40972	G30	-108.25	-108.14	-109.41
60544.41319	G05	-108.59	-108.55	-109.75
60544.41319	G07	-109.45	-109.48	-108.45
60544.41319	G08	-107.55	-106.81	-104.84
60544.41319	G09	-109.94	-109.74	-109.56
60544.41319	G14	-111.53	-111.30	-109.29
60544.41319	G20	-107.88	-107.44	-108.85
60544.41319	G22	-109.53	-109.81	-108.14
60544.41319	G30	-108.63	-108.27	-109.21
60544.41667	G05	-110.25	-110.57	-106.59
60544.41667	G07	-107.74	-107.52	-109.12
60544.41667	G08	-110.83	-110.42	-109.75
60544.41667	G09	-109.29	-109.14	-109.09
60544.41667	G13	-106.29	-105.83	-108.54
60544.41667	G14	-109.51	-109.32	-109.10
60544.41667	G20	-109.31	-109.05	-108.57
60544.41667	G22	-109.34	-109.07	-105.61
60544.41667	G30	-107.81	-107.60	-107.21
60544.42014	G05	-110.04	-109.97	-107.33
60544.42014	G07	-110.21	-110.21	-107.86
60544.42014	G08	-106.90	-106.63	-106.56
60544.42014	G09	-109.40	-109.59	-108.56
60544.42014	G13	-111.19	-111.56	-112.05
60544.42014	G14	-109.06	-109.03	-108.08
60544.42014	G20	-108.79	-108.42	-108.67
60544.42014	G22	-110.47	-110.39	-107.52
60544.42014	G30	-109.25	-108.97	-107.64
60544.42361	G05	-109.63	-109.29	-104.43
60544.42361	G07	-107.81	-107.66	-107.05
60544.42361	G08	-108.26	-107.64	-106.35
60544.42361	G09	-109.37	-109.00	-108.68
60544.42361	G13	-110.87	-110.82	-111.90
60544.42361	G14	-109.54	-109.39	-107.35
60544.42361	G20	-109.32	-108.89	-107.49
60544.42361	G22	-109.21	-108.90	-109.08
60544.42361	G30	-109.21	-108.94	-108.63
60544.42708	G05	-110.05	-109.82	-108.43
60544.42708	G07	-110.34	-110.15	-108.61
60544.42708	G08	-111.31	-110.80	-107.72
60544.42708	G09	-110.48	-110.10	-106.13
60544.42708	G13	-110.42	-110.71	-109.36
60544.42708	G14	-109.57	-109.46	-108.41
60544.42708	G20	-107.98	-107.81	-109.44
60544.42708	G22	-109.81	-109.51	-108.00
60544.42708	G30	-109.91	-109.75	-109.68
60544.43056	G05	-109.00	-108.71	-108.86
60544.43056	G07	-108.50	-108.44	-109.71
60544.43056	G08	-111.78	-111.99	-107.88
60544.43056	G09	-108.09	-107.86	-107.62
60544.43056	G13	-110.17	-110.04	-110.21
60544.43056	G14	-110.13	-109.75	-108.40
60544.43056	G20	-109.37	-109.10	-107.74
60544.43056	G22	-109.90	-109.77	-112.12
60544.43056	G30	-110.40	-110.13	-108.00
60544.43403	G05	-112.85	-112.76	-108.64
60544.43403	G07	-109.57	-109.41	-109.76
60544.43403	G08	-111.01	-110.99	-110.72
60544.43403	G09	-110.84	-110.69	-109.73
60544.43403	G13	-112.18	-111.95	-104.89
60544.43403	G14	-109.65	-109.22	-107.51
60544.43403	G20	-111.04	-110.78	-111.00
60544.43403	G22	-111.17	-110.72	-106.52
60544.43403	G30	-110.31	-109.98	-109.54
60544.43750	G05	-107.33	-107.09	-106.94
60544.43750	G07	-110.27	-109.92	-109.41
60544.43750	G08	-107.84	-107.63	-110.55
60544.43750	G09	-109.65	-109.28	-106.55
60544.43750	G13	-109.96	-109.15	-110.66
60544.43750	G14	-110.11	-109.92	-109.94
60544.43750	G20	-109.50	-109.19	-108.85
60544.43750	G22	-108.47	-108.23	-109.73
60544.43750	G30	-107.95	-107.47	-107.85
60544.44097	G05	-110.36	-110.12	-108.06
60544.44097	G07	-109.88	-109.76	-109.15
60544.44097	G08	-110.56	-110.20	-113.42
60544.44097	G09	-110.15	-110.08	-109.66
60544.44097	G13	-109.30	-109.06	-108.95
60544.44097	G14	-110.43	-110.34	-106.27
60544.44097	G20	-110.35	-109.92	-107.77
60544.44097	G22	-109.09	-108.60	-110.02
60544.44097	G30	-110.50	-110.07	-110.29
60544.44444	G05	-107.81	-107.69	-108.59
60544.44444	G07	-108.79	-108.51	-109.29
60544.44444	G08	-108.97	-108.48	-109.47
60544.44444	G09	-108.77	-108.32	-107.71
60544.44444	G13	-108.13	-108.01	-110.18
60544.44444	G14	-108.58	-108.38	-111.15
60544.44444	G20	-109.08	-108.56	-109.77
60544.44444	G22	-110.67	-110.39	-108.23
60544.44444	G30	-109.59	-109.27	-108.18
60544.44792	G05	-111.96	-111.48	-107.12
60544.44792	G07	-109.96	-109.73	-109.59
60544.44792	G08	-105.68	-104.75	-109.47
60544.44792	G09	-109.33	-109.23	-111.66
60544.44792	G13	-110.05	-109.58	-108.65
60544.44792	G14	-109.91	-109.49	-108.47
60544.44792	G20	-109.64	-109.37	-106.62
60544.44792	G22	-109.68	-109.31	-111.65
60544.44792	G30	-109.52	-109.24	-111.02
60544.45139	G05	-109.02	-108.80	-110.80
60544.45139	G07	-107.49	-107.84	-107.73
60544.45139	G08	-109.81	-108.53	-111.50
60544.45139	G09	-108.63	-108.40	-108.66
60544.45139	G13	-109.37	-108.80	-106.47
60544.45139	G14	-110.60	-110.24	-108.00
60544.45139	G20	-110.93	-110.91	-107.51
60544.45139	G22	-110.00	-109.74	-108.52
60544.45139	G30	-110.44	-110.19	-110.38
60544.45486	G05	-109.63	-109.26	-108.49
60544.45486	G07	-110.68	-110.58	-108.39
60544.45486	G08	-109.84	-108.90	-114.35
60544.45486	G09	-108.76	-108.46	-112.36
60544.45486	G13	-110.46	-110.00	-107.47
60544.45486	G14	-107.95	-107.64	-108.01
60544.45486	G20	-110.65	-110.42	-108.77
60544.45486	G22	-109.99	-109.61	-108.01
60544.45486	G30	-109.86	-109.58	-109.37
60544.45833	G05	-110.98	-110.57	-108.57
60544.45833	G07	-108.93	-108.36	-110.07
60544.45833	G08	-113.59	-113.49	-108.95
60544.45833	G09	-108.02	-107.80	-108.21
60544.45833	G13	-110.53	-110.34	-110.93
60544.45833	G14	-108.37	-108.02	-108.46
60544.45833	G15	-110.57	-110.64	-109.35
60544.45833	G20	-110.20	-109.92	-108.62
60544.45833	G22	-107.99	-107.36	-108.93
60544.45833	G30	-110.68	-110.37	-108.67
60544.46181	G05	-109.92	-109.45	-107.13
60544.46181	G07	-108.68	-108.25	-108.98
60544.46181	G09	-111.12	-110.67	-104.88
60544.46181	G13	-109.06	-108.72	-106.00
60544.46181	G14	-109.77	-109.58	-108.36
60544.46181	G15	-106.17	-107.11	-107.72
60544.46181	G17	-109.65	-108.66	-108.15
60544.46181	G20	-108.70	-108.30	-107.58
60544.46181	G22	-111.01	-110.56	-107.08
60544.46181	G30	-109.27	-108.96	-107.56
60544.46528	G05	-109.08	-108.77	-110.78
60544.46528	G07	-110.50	-110.41	-107.63
60544.46528	G09	-106.87	-106.17	-106.94
60544.46528	G13	-110.43	-110.41	-110.49
60544.46528	G14	-108.46	-108.13	-108.23
60544.46528	G15	-112.98	-112.65	-109.23
60544.46528	G17	-109.44	-109.17	-108.98
60544.46528	G20	-112.21	-111.71	-105.06
60544.46528	G22	-109.32	-108.84	-108.47
60544.46528	G30	-108.55	-108.24	-109.05
60544.46875	G05	-108.42	-108.34	-110.40
60544.46875	G07	-111.96	-112.07	-108.13
60544.46875	G09	-109.80	-109.63	-111.48
60544.46875	G13	-111.03	-110.82	-107.69
60544.46875	G14	-108.62	-108.48	-108.69
60544.46875	G15	-109.87	-108.86	-105.89
60544.46875	G17	-109.26	-109.11	-108.24
60544.46875	G20	-109.86	-109.42	-110.65
60544.46875	G22	-107.61	-107.41	-110.27
60544.46875	G30	-108.61	-108.12	-110.42
60544.47222	G05	-109.35	-109.20	-108.09
60544.47222	G07	-108.92	-108.85	-107.58
60544.47222	G13	-109.51	-109.18	-111.67
60544.47222	G14	-108.63	-108.63	-109.51
60544.47222	G15	-113.99	-113.05	-114.15
60544.47222	G17	-109.78	-109.63	-106.42
60544.47222	G20	-109.42	-108.92	-112.37
60544.47222	G22	-110.21	-110.08	-107.99
60544.47222	G30	-108.80	-108.35	-107.40
60544.47569	G05	-110.63	-110.26	-107.47
60544.47569	G07	-108.91	-108.23	-107.50
60544.47569	G13	-110.20	-109.60	-108.17
60544.47569	G14	-109.06	-109.02	-107.74
60544.47569	G15	-109.83	-109.11	-110.00
60544.47569	G17	-109.19	-109.12	-107.35
60544.47569	G20	-110.20	-109.93	-110.35
60544.47569	G22	-109.22	-108.91	-108.60
60544.47569	G30	-109.11	-108.81	-108.85
60544.47917	G05	-108.99	-108.79	-108.40
60544.47917	G07	-108.23	-108.17	-107.67
60544.47917	G13	-110.12	-109.78	-109.54
60544.47917	G14	-109.69	-109.53	-106.93
60544.47917	G15	-109.01	-107.99	-108.09
60544.47917	G17	-111.53	-111.26	-106.45
60544.47917	G19	-109.22	-109.02	-103.20
60544.47917	G20	-110.08	-109.76	-107.86
60544.47917	G22	-109.96	-109.64	-108.41
60544.47917	G30	-110.93	-110.75	-109.27
60544.48264	G05	-109.10	-108.81	-108.04
60544.48264	G07	-109.79	-109.62	-110.45
60544.48264	G13	-109.92	-109.59	-109.64
60544.48264	G14	-108.53	-108.10	-109.46
60544.48264	G15	-110.47	-109.86	-108.68
60544.48264	G17	-111.31	-111.15	-106.88
60544.48264	G19	-109.50	-109.56	-109.27
60544.48264	G20	-108.80	-108.39	-103.64
60544.48264	G22	-110.48	-110.13	-108.45
60544.48264	G30	-109.79	-109.43	-108.06
60544.48611	G05	-110.07	-109.54	-111.23
60544.48611	G07	-108.22	-108.12	-108.84
60544.48611	G13	-108.63	-108.20	-109.38
60544.48611	G14	-107.59	-107.22	-109.31
60544.48611	G15	-109.60	-108.87	-107.53
60544.48611	G17	-110.03	-109.85	-106.96
60544.48611	G19	-106.59	-107.19	-104.32
60544.48611	G20	-109.50	-108.99	-106.32
60544.48611	G22	-110.33	-110.05	-108.52
60544.48611	G30	-109.69	-109.60	-108.68
60544.48958	G05	-110.14	-109.75	-110.31
60544.48958	G07	-106.13	-105.70	-106.18
60544.48958	G13	-110.22	-109.83	-108.29
60544.48958	G14	-107.83	-107.49	-109.86
60544.48958	G15	-108.79	-108.19	-108.02
60544.48958	G17	-113.27	-112.81	-107.87
60544.48958	G19	-109.26	-108.96	-107.78
60544.48958	G20	-109.97	-109.16	-107.56
60544.48958	G22	-109.72	-109.40	-108.56
60544.48958	G30	-110.81	-110.63	-108.06
60544.49306	G05	-106.99	-106.71	-106.83
60544.49306	G07	-110.30	-110.50	-106.31
60544.49306	G13	-108.54	-108.04	-108.57
60544.49306	G14	-108.05	-107.78	-109.29
60544.49306	G15	-110.88	-110.60	-108.62
60544.49306	G17	-111.05	-110.26	-109.61
60544.49306	G19	-107.76	-107.56	-109.01
60544.49306	G22	-108.38	-107.98	-108.71
60544.49306	G30	-110.80	-110.60	-108.09
60544.49653	G05	-109.18	-109.01	-109.88
60544.49653	G07	-109.87	-109.85	-109.94
60544.49653	G13	-109.54	-109.15	-109.20
60544.49653	G14	-110.42	-109.98	-109.23
60544.49653	G15	-108.33	-107.75	-111.53
60544.49653	G17	-109.63	-108.93	-107.14
60544.49653	G19	-108.99	-108.43	-103.83
60544.49653	G22	-108.86	-108.55	-108.84
60544.49653	G30	-110.82	-110.57	-111.04
60544.50000	G05	-108.32	-108.11	-111.88
60544.50000	G07	-113.13	-113.41	-107.95
60544.50000	G13	-109.26	-108.86	-109.73
60544.50000	G14	-108.99	-108.61	-108.72
60544.50000	G15	-110.71	-110.40	-107.02
60544.50000	G17	-109.93	-109.64	-110.66
60544.50000	G19	-108.55	-108.28	-110.75
60544.50000	G22	-109.91	-109.68	-109.43
60544.50000	G30	-111.06	-110.91	-109.49
60544.50347	G05	-111.48	-111.18	-108.57
60544.50347	G07	-107.87	-108.29	-114.38
60544.50347	G13	-109.83	-109.41	-107.45
60544.50347	G14	-107.76	-107.55	-107.65
60544.50347	G15	-110.38	-110.45	-109.56
60544.50347	G17	-108.97	-108.40	-108.12
60544.50347	G19	-107.56	-107.31	-110.49
60544.50347	G22	-109.46	-109.29	-108.02
60544.50347	G30	-109.70	-109.64	-107.26
60544.50694	G05	-109.73	-109.55	-109.61
60544.50694	G07	-110.50	-111.48	-105.95
60544.50694	G13	-108.91	-108.69	-108.91
60544.50694	G14	-109.79	-109.65	-107.72
60544.50694	G15	-110.44	-110.08	-107.55
60544.50694	G17	-108.17	-107.65	-109.58
60544.50694	G19	-111.13	-110.79	-109.85
60544.50694	G22	-108.46	-108.20	-107.82
60544.50694	G30	-109.02	-108.46	-108.21
60544.51042	G05	-110.27	-109.92	-109.31
60544.51042	G13	-108.12	-107.88	-108.25
60544.51042	G14	-107.78	-107.50	-108.78
60544.51042	G15	-108.12	-107.71	-109.23
60544.51042	G17	-108.65	-107.88	-108.59
60544.51042	G19	-110.46	-110.01	-105.29
60544.51042	G22	-109.02	-108.67	-109.24
60544.51042	G30	-110.40	-109.97	-110.39
60544.51389	G05	-108.95	-108.76	-104.54
60544.51389	G13	-108.57	-108.06	-108.66
60544.51389	G14	-110.63	-110.49	-107.25
60544.51389	G15	-109.67	-109.32	-110.28
60544.51389	G17	-111.32	-111.14	-108.46
60544.51389	G19	-109.97	-109.48	-105.66
60544.51389	G22	-108.61	-108.36	-108.57
60544.51389	G30	-109.16	-108.51	-108.24
60544.51736	G05	-107.17	-106.66	-108.15
60544.51736	G13	-108.57	-108.14	-108.63
60544.51736	G14	-110.64	-110.52	-109.38
60544.51736	G15	-110.53	-110.26	-106.63
60544.51736	G17	-109.90	-109.66	-108.23
60544.51736	G19	-108.86	-108.28	-107.99
60544.51736	G22	-110.03	-109.92	-108.96
60544.51736	G30	-110.40	-109.80	-107.14
60544.52083	G13	-109.40	-109.05	-108.98
60544.52083	G14	-109.94	-109.79	-108.23
60544.52083	G15	-111.14	-110.72	-108.24
60544.52083	G17	-109.75	-109.63	-107.42
60544.52083	G19	-108.85	-108.74	-107.26
60544.52083	G22	-110.28	-109.94	-108.00
60544.52083	G30	-112.91	-112.53	-108.50
60544.52431	G13	-109.73	-109.42	-107.72
60544.52431	G14	-109.18	-109.07	-109.89
60544.52431	G15	-109.74	-109.12	-107.91
60544.52431	G17	-110.57	-110.23	-109.63
60544.52431	G19	-108.45	-108.18	-106.45
60544.52431	G22	-108.77	-108.49	-108.21
60544.52431	G30	-108.21	-107.74	-110.66
60544.52778	G13	-108.92	-108.61	-108.16
60544.52778	G14	-109.88	-109.49	-109.24
60544.52778	G15	-111.14	-110.20	-106.60
60544.52778	G17	-108.10	-107.77	-110.25
60544.52778	G19	-111.91	-112.01	-110.96
60544.52778	G22	-109.37	-109.15	-108.97
60544.52778	G30	-108.39	-107.83	-107.30
60544.53125	G13	-109.35	-109.08	-107.84
60544.53125	G14	-108.76	-108.43	-109.86
60544.53125	G15	-109.24	-108.54	-109.96
60544.53125	G17	-110.69	-110.52	-107.34
60544.53125	G19	-109.50	-109.42	-108.56
60544.53125	G22	-110.47	-110.26	-110.09
60544.53125	G24	-107.57	-107.21	-109.76
60544.53125	G30	-110.72	-109.92	-108.61
60544.53472	G13	-107.66	-107.45	-109.86
60544.53472	G14	-109.57	-109.39	-108.18
60544.53472	G15	-108.69	-108.34	-109.74
60544.53472	G17	-111.73	-111.45	-108.39
60544.53472	G19	-111.36	-111.11	-111.38
60544.53472	G22	-109.59	-109.45	-108.02
60544.53472	G24	-114.25	-115.11	-110.60
60544.53472	G30	-110.15	-109.45	-108.58
60544.53819	G13	-109.85	-109.64	-108.19
60544.53819	G14	-110.54	-110.76	-108.26
60544.53819	G15	-109.49	-108.88	-107.69
60544.53819	G17	-108.08	-107.65	-108.97
60544.53819	G19	-110.27	-110.07	-107.83
60544.53819	G22	-109.29	-109.01	-108.51
60544.53819	G24	-109.78	-109.41	-112.04
60544.53819	G30	-111.26	-110.64	-105.48
60544.54167	G13	-109.63	-109.32	-108.79
60544.54167	G14	-109.77	-109.53	-109.13
60544.54167	G15	-108.71	-108.22	-109.23
60544.54167	G17	-109.78	-109.36	-107.66
60544.54167	G19	-110.41	-110.02	-107.66
60544.54167	G22	-109.98	-109.75	-108.72
60544.54167	G24	-109.79	-109.00	-107.07
60544.54167	G30	-107.15	-106.47	-107.07
60544.54514	G13	-110.00	-109.69	-107.69
60544.54514	G14	-109.67	-109.28	-107.65
60544.54514	G15	-109.00	-108.72	-109.71
60544.54514	G17	-109.29	-108.87	-108.54
60544.54514	G19	-110.02	-109.79	-108.90
60544.54514	G22	-110.21	-110.13	-109.44
60544.54514	G24	-110.00	-109.77	-107.06
60544.54514	G30	-108.54	-108.16	-110.18
60544.54861	G13	-109.65	-109.30	-109.29
60544.54861	G14	-110.51	-110.16	-110.23
60544.54861	G15	-110.55	-110.11	-107.62
60544.54861	G17	-109.02	-108.61	-109.12
60544.54861	G19	-110.60	-110.20	-107.53
60544.54861	G22	-109.91	-109.70	-109.43
60544.54861	G24	-110.27	-109.93	-109.87
60544.54861	G30	-109.16	-108.40	-113.06
60544.55208	G13	-109.70	-109.50	-108.11
60544.55208	G14	-109.69	-109.66	-108.13
60544.55208	G15	-108.95	-108.57	-110.17
60544.55208	G17	-109.65	-109.32	-108.52
60544.55208	G19	-111.82	-111.61	-109.31
60544.55208	G22	-110.80	-110.73	-109.16
60544.55208	G24	-108.90	-108.54	-107.23
60544.55208	G30	-110.44	-109.89	-109.50
60544.55556	G13	-109.36	-109.06	-108.70
60544.55556	G14	-110.05	-110.28	-108.61
60544.55556	G15	-109.39	-109.01	-110.92
60544.55556	G17	-109.09	-108.73	-109.55
60544.55556	G19	-111.59	-111.63	-108.86
60544.55556	G22	-108.63	-108.43	-109.58
60544.55556	G24	-109.99	-109.38	-108.76
60544.55556	G30	-109.65	-109.51	-109.85
60544.55903	G13	-107.89	-107.57	-110.28
60544.55903	G14	-112.24	-112.69	-108.08
60544.55903	G15	-108.91	-108.50	-108.72
60544.55903	G17	-110.57	-110.21	-109.68
60544.55903	G19	-108.30	-108.05	-107.98
60544.55903	G22	-109.53	-109.51	-107.34
60544.55903	G24	-111.00	-110.32	-104.05
60544.55903	G30	-107.75	-107.81	-109.34
60544.56250	G13	-108.52	-107.98	-106.98
60544.56250	G14	-109.35	-109.46	-106.46
60544.56250	G15	-110.31	-109.98	-109.36
60544.56250	G17	-110.07	-109.86	-109.89
60544.56250	G19	-109.11	-108.75	-109.54
60544.56250	G22	-108.32	-107.98	-109.49
60544.56250	G24	-107.49	-107.17	-108.49
60544.56250	G30	-108.79	-108.47	-108.91
60544.56597	G13	-109.80	-109.34	-110.34
60544.56597	G14	-104.62	-105.02	-107.39
60544.56597	G15	-109.26	-108.80	-107.81
60544.56597	G17	-109.48	-109.30	-107.40
60544.56597	G19	-109.01	-108.65	-108.55
60544.56597	G22	-108.62	-108.61	-107.71
60544.56597	G24	-108.73	-108.14	-109.95
60544.56597	G30	-108.52	-107.59	-110.93
60544.56944	G12	-103.70	-103.67	-110.10
60544.56944	G13	-109.14	-108.95	-106.55
60544.56944	G14	-109.04	-109.28	-108.00
60544.56944	G15	-110.08	-109.78	-108.97
60544.56944	G17	-110.77	-110.64	-108.04
60544.56944	G19	-108.84	-108.42	-107.94
60544.56944	G22	-110.00	-109.80	-109.54
60544.56944	G24	-110.74	-110.58	-108.49
60544.56944	G30	-108.94	-107.76	-110.37
60544.57292	G13	-109.67	-109.23	-109.64
60544.57292	G14	-112.57	-112.13	-110.53
60544.57292	G15	-109.26	-108.98	-108.97
60544.57292	G17	-110.33	-110.05	-108.42
60544.57292	G19	-109.62	-109.21	-109.57
60544.57292	G22	-109.39	-109.23	-108.95
60544.57292	G24	-107.43	-107.18	-109.07
60544.57292	G30	-108.60	-107.79	-111.00
60544.57639	G13	-108.58	-108.33	-108.23
60544.57639	G14	-110.57	-110.00	-107.29
60544.57639	G15	-109.15	-108.86	-109.67
60544.57639	G17	-108.54	-108.27	-109.13
60544.57639	G19	-109.50	-109.25	-108.79
60544.57639	G22	-109.00	-108.86	-108.51
60544.57639	G24	-110.21	-110.11	-108.91
60544.57639	G30	-109.22	-109.43	-105.36
60544.57986	G12	-111.53	-110.48	-112.13
60544.57986	G13	-109.88	-109.65	-107.51
60544.57986	G14	-107.63	-107.54	-107.15
60544.57986	G15	-111.33	-111.20	-108.12
60544.57986	G17	-109.08	-108.90	-109.45
60544.57986	G19	-108.61	-108.42	-110.26
60544.57986	G22	-111.37	-111.21	-110.06
60544.57986	G24	-108.24	-108.27	-109.23
60544.58333	G06	-109.69	-109.83	-110.88
60544.58333	G12	-110.72	-110.27	-109.43
60544.58333	G13	-109.73	-109.41	-107.94
60544.58333	G14	-110.30	-110.30	-108.78
60544.58333	G15	-107.19	-106.96	-111.06
60544.58333	G17	-110.12	-109.81	-108.94
60544.58333	G19	-110.44	-110.11	-108.71
60544.58333	G22	-110.60	-110.50	-108.47
60544.58333	G24	-109.01	-108.98	-111.57
60544.58681	G06	-106.07	-105.54	-106.59
60544.58681	G12	-108.75	-108.34	-106.88
60544.58681	G13	-109.32	-109.21	-108.55
60544.58681	G14	-108.45	-107.85	-108.23
60544.58681	G15	-110.11	-109.77	-107.02
60544.58681	G17	-109.46	-109.19	-108.18
60544.58681	G19	-109.37	-109.18	-109.07
60544.58681	G22	-108.32	-108.10	-107.80
60544.58681	G24	-108.32	-107.81	-109.02
60544.59028	G06	-109.22	-108.98	-111.07
60544.59028	G12	-107.01	-106.82	-107.62
60544.59028	G13	-108.60	-108.39	-109.54
60544.59028	G14	-111.41	-110.79	-110.45
60544.59028	G15	-109.85	-109.45	-109.73
60544.59028	G17	-110.35	-110.19	-108.23
60544.59028	G19	-108.36	-108.12	-108.99
60544.59028	G22	-112.00	-111.61	-107.87
60544.59028	G24	-107.95	-107.75	-107.43
60544.59375	G06	-110.32	-110.41	-109.66
60544.59375	G12	-110.37	-109.66	-111.15
60544.59375	G13	-109.54	-109.39	-109.11
60544.59375	G14	-105.12	-104.58	-111.30
60544.59375	G15	-109.55	-109.21	-107.43
60544.59375	G17	-109.91	-109.64	-108.17
60544.59375	G19	-109.60	-109.27	-107.97
60544.59375	G22	-109.40	-109.09	-109.63
60544.59375	G24	-108.59	-108.16	-109.59
60544.59722	G06	-111.47	-111.30	-108.48
60544.59722	G12	-109.54	-109.01	-109.34
60544.59722	G13	-111.03	-110.83	-112.00
60544.59722	G14	-109.93	-109.90	-109.24
60544.59722	G15	-108.38	-108.16	-110.08
60544.59722	G17	-110.41	-109.97	-107.96
60544.59722	G19	-109.46	-109.01	-108.48
60544.59722	G22	-110.08	-109.69	-107.10
60544.59722	G24	-109.91	-109.63	-108.39
60544.60069	G06	-107.08	-106.65	-107.64
60544.60069	G12	-110.54	-110.19	-109.94
60544.60069	G13	-109.72	-109.49	-109.42
60544.60069	G14	-106.64	-104.73	-107.84
60544.60069	G15	-109.78	-109.55	-109.55
60544.60069	G17	-110.09	-109.84	-111.29
60544.60069	G19	-108.74	-108.41	-107.26
60544.60069	G22	-109.56	-108.74	-110.93
60544.60069	G24	-109.57	-109.33	-108.18
60544.60417	G06	-109.12	-108.43	-107.07
60544.60417	G12	-108.55	-107.97	-107.22
60544.60417	G13	-109.20	-108.23	-108.53
60544.60417	G14	-105.93	-104.03	-109.11
60544.60417	G15	-108.78	-108.48	-106.87
60544.60417	G17	-108.63	-108.21	-106.80
60544.60417	G19	-110.15	-109.89	-108.61
60544.60417	G22	-109.07	-108.57	-106.45
60544.60417	G24	-110.02	-109.93	-108.09
60544.60764	G06	-108.75	-108.16	-109.30
60544.60764	G12	-107.92	-107.40	-107.53
60544.60764	G13	-110.04	-109.60	-105.56
60544.60764	G15	-109.27	-108.90	-109.48
60544.60764	G17	-109.97	-109.29	-108.44
60544.60764	G19	-109.53	-109.26	-108.41
60544.60764	G22	-110.20	-110.11	-110.18
60544.60764	G24	-110.20	-110.07	-107.58
60544.61111	G06	-110.19	-110.04	-109.59
60544.61111	G12	-109.49	-109.08	-106.21
60544.61111	G13	-110.73	-110.57	-105.45
60544.61111	G15	-109.09	-108.85	-109.79
60544.61111	G17	-109.27	-108.78	-107.69
60544.61111	G19	-109.80	-109.44	-109.10
60544.61111	G22	-108.95	-108.49	-109.92
60544.61111	G24	-110.46	-110.51	-109.27
60544.61458	G06	-109.48	-109.58	-107.75
60544.61458	G12	-107.02	-106.58	-107.58
60544.61458	G13	-110.21	-110.19	-109.12
60544.61458	G15	-111.65	-111.35	-106.65
60544.61458	G17	-109.39	-109.15	-112.34
60544.61458	G19	-109.14	-108.91	-110.65
60544.61458	G22	-106.88	-106.80	-106.33
60544.61458	G24	-110.41	-110.30	-109.42
60544.61806	G06	-110.18	-110.31	-108.77
60544.61806	G11	-110.42	-108.59	-114.52
60544.61806	G12	-109.33	-108.99	-109.71
60544.61806	G13	-108.72	-108.14	-107.26
60544.61806	G15	-109.27	-108.81	-111.00
60544.61806	G17	-110.57	-110.88	-110.41
60544.61806	G19	-109.37	-109.40	-108.27
60544.61806	G22	-112.32	-112.47	-110.91
60544.61806	G24	-109.89	-109.71	-109.76
60544.62153	G06	-109.71	-109.18	-108.27
60544.62153	G11	-109.78	-109.51	-107.81
60544.62153	G12	-108.76	-108.29	-110.33
60544.62153	G13	-109.31	-107.96	-106.82
60544.62153	G15	-109.54	-109.10	-108.95
60544.62153	G17	-109.22	-109.67	-106.23
60544.62153	G19	-109.48	-109.19	-108.09
60544.62153	G22	-108.90	-108.60	-107.14
60544.62153	G24	-108.29	-107.91	-109.68
60544.62500	G06	-110.73	-110.19	-110.70
60544.62500	G11	-110.18	-110.33	-107.99
60544.62500	G12	-108.48	-107.99	-107.80
60544.62500	G13	-109.93	-109.02	-107.96
60544.62500	G15	-109.66	-109.33	-108.50
60544.62500	G17	-108.26	-108.26	-107.76
60544.62500	G19	-109.89	-109.92	-108.86
60544.62500	G22	-109.86	-109.45	-108.44
60544.62500	G24	-108.76	-108.56	-108.32
60544.62847	G06	-108.48	-107.96	-106.80
60544.62847	G11	-110.93	-110.65	-110.02
60544.62847	G12	-111.89	-111.36	-109.27
60544.62847	G13	-106.04	-105.64	-109.84
60544.62847	G15	-109.16	-109.38	-109.92
60544.62847	G17	-109.59	-109.94	-109.21
60544.62847	G19	-110.05	-109.95	-108.27
60544.62847	G22	-109.61	-108.83	-108.04
60544.62847	G24	-109.49	-109.39	-109.22
60544.63194	G06	-108.71	-108.31	-110.97
60544.63194	G11	-108.45	-108.43	-109.43
60544.63194	G12	-109.92	-109.57	-106.97
60544.63194	G13	-107.10	-106.56	-105.87
60544.63194	G15	-110.40	-110.18	-110.84
60544.63194	G17	-111.60	-112.28	-109.88
60544.63194	G19	-109.19	-109.08	-109.62
60544.63194	G22	-112.29	-111.77	-108.25
60544.63194	G24	-110.19	-109.88	-109.16
60544.63542	G06	-111.71	-111.41	-107.68
60544.63542	G11	-107.97	-107.60	-108.12
60544.63542	G12	-109.62	-109.15	-108.77
60544.63542	G13	-108.90	-107.64	-109.32
60544.63542	G15	-111.88	-111.47	-110.64
60544.63542	G17	-108.38	-108.07	-107.19
60544.63542	G19	-109.00	-109.22	-109.61
60544.63542	G22	-109.85	-109.72	-111.56
60544.63542	G24	-109.47	-109.09	-108.71
60544.63889	G06	-108.66	-108.55	-108.39
60544.63889	G11	-110.57	-110.37	-109.51
60544.63889	G12	-110.22	-109.77	-109.90
60544.63889	G13	-110.48	-111.07	-108.56
60544.63889	G15	-109.82	-109.12	-110.60
60544.63889	G17	-110.18	-110.03	-108.10
60544.63889	G19	-109.58	-109.73	-109.79
60544.63889	G22	-107.44	-107.32	-108.31
60544.63889	G24	-109.89	-109.54	-109.34
60544.64236	G06	-108.76	-108.64	-109.08
60544.64236	G11	-110.74	-110.37	-106.21
60544.64236	G12	-110.08	-110.03	-108.78
60544.64236	G13	-112.67	-113.53	-110.82
60544.64236	G15	-109.98	-109.68	-107.63
60544.64236	G17	-111.03	-110.98	-113.72
60544.64236	G19	-109.28	-109.58	-109.71
60544.64236	G22	-109.95	-110.25	-109.64
60544.64236	G24	-109.60	-109.18	-108.65
60544.64583	G06	-110.82	-110.62	-107.55
60544.64583	G11	-109.35	-109.05	-109.38
60544.64583	G12	-110.73	-110.51	-108.91
60544.64583	G15	-109.60	-109.43	-106.22
60544.64583	G17	-106.66	-107.39	-110.97
60544.64583	G19	-111.18	-110.97	-111.05
60544.64583	G22	-108.89	-110.13	-103.71
60544.64583	G24	-109.10	-108.80	-109.92
60544.64583	G25	-109.70	-109.12	-112.18
60544.64931	G06	-109.82	-109.71	-109.87
60544.64931	G11	-110.61	-110.76	-109.30
60544.64931	G12	-109.53	-109.37	-107.74
60544.64931	G15	-106.30	-105.82	-110.07
60544.64931	G17	-110.07	-110.41	-107.48
60544.64931	G19	-110.05	-109.65	-107.57
60544.64931	G24	-109.13	-108.90	-107.79
60544.64931	G25	-107.66	-107.29	-103.18
60544.64931	G32	-108.61	-108.96	-105.04
60544.65278	G06	-110.19	-109.99	-107.70
60544.65278	G11	-111.34	-110.77	-109.24
60544.65278	G12	-108.90	-108.62	-106.58
60544.65278	G15	-111.47	-110.95	-104.48
60544.65278	G17	-108.75	-108.86	-111.29
60544.65278	G19	-109.19	-108.57	-106.95
60544.65278	G24	-108.41	-108.07	-107.51
60544.65278	G25	-111.44	-111.78	-107.66
60544.65278	G32	-104.38	-104.01	-106.38
60544.65625	G06	-108.39	-107.97	-107.81
60544.65625	G11	-109.92	-109.72	-109.02
60544.65625	G12	-110.05	-109.98	-107.37
60544.65625	G15	-109.46	-108.79	-107.06
60544.65625	G19	-109.16	-108.52	-109.10
60544.65625	G24	-108.60	-108.25	-109.26
60544.65625	G25	-111.90	-111.68	-108.71
60544.65625	G32	-106.74	-105.21	-111.17
60544.65972	G06	-110.20	-109.82	-106.43
60544.65972	G11	-110.68	-110.23	-109.09
60544.65972	G12	-107.73	-107.43	-107.52
60544.65972	G15	-107.79	-107.55	-108.36
60544.65972	G19	-110.75	-110.43	-108.72
60544.65972	G24	-108.90	-108.53	-107.30
60544.65972	G25	-109.79	-109.87	-108.94
60544.65972	G32	-109.12	-109.41	-107.08
60544.66319	G06	-108.97	-108.33	-110.73
60544.66319	G11	-110.01	-109.65	-108.27
60544.66319	G12	-108.20	-107.67	-110.14
60544.66319	G15	-110.30	-110.09	-106.96
60544.66319	G19	-110.67	-109.99	-101.64
60544.66319	G24	-108.42	-108.11	-108.46
60544.66319	G25	-108.09	-107.81	-109.98
60544.66319	G29	-107.09	-105.54	-111.66
60544.66319	G32	-109.98	-110.13	-111.40
60544.66667	G06	-111.73	-111.37	-109.15
60544.66667	G11	-112.31	-111.98	-108.87
60544.66667	G12	-110.03	-109.75	-108.72
60544.66667	G19	-114.13	-111.84	-107.70
60544.66667	G24	-109.53	-109.18	-107.87
60544.66667	G25	-108.85	-109.08	-107.86
60544.66667	G29	-110.60	-109.25	-108.01
60544.67014	G06	-112.26	-111.99	-106.19
60544.67014	G11	-108.74	-108.63	-107.38
60544.67014	G12	-109.17	-108.86	-109.52
60544.67014	G19	-107.55	-107.47	-110.11
60544.67014	G24	-109.30	-109.04	-109.36
60544.67014	G25	-107.77	-107.51	-110.89
60544.67014	G29	-111.56	-110.90	-108.88
60544.67361	G06	-110.71	-110.50	-109.09
60544.67361	G11	-108.29	-108.30	-108.16
60544.67361	G12	-110.39	-110.03	-109.25
60544.67361	G19	-108.04	-108.86	-110.73
60544.67361	G24	-109.91	-109.76	-108.01
60544.67361	G25	-109.22	-109.20	-108.62
60544.67361	G29	-109.81	-109.44	-108.79
60544.67361	G32	-106.52	-106.30	-107.54
60544.67708	G06	-110.20	-109.93	-108.92
60544.67708	G11	-110.27	-110.33	-108.69
60544.67708	G12	-108.91	-108.56	-106.94
60544.67708	G19	-105.27	-105.45	-109.37
60544.67708	G24	-110.41	-109.98	-108.63
60544.67708	G25	-109.79	-109.89	-109.93
60544.67708	G29	-108.17	-108.01	-111.97
60544.67708	G32	-109.91	-108.02	-106.06
60544.68056	G06	-108.33	-108.20	-107.75
60544.68056	G11	-108.86	-108.89	-110.11
60544.68056	G12	-110.78	-110.34	-109.54
60544.68056	G19	-107.47	-106.82	-107.69
60544.68056	G24	-107.98	-107.53	-106.82
60544.68056	G25	-110.25	-110.33	-109.27
60544.68056	G29	-111.16	-110.84	-107.59
60544.68056	G32	-113.36	-108.83	-107.73
60544.68403	G06	-110.25	-109.55	-107.90
60544.68403	G11	-112.23	-112.04	-107.27
60544.68403	G12	-110.76	-110.51	-108.41
60544.68403	G19	-108.44	-107.71	-112.82
60544.68403	G24	-110.83	-110.33	-110.62
60544.68403	G25	-110.17	-110.26	-110.20
60544.68403	G29	-111.41	-110.68	-106.02
60544.68750	G06	-110.16	-109.65	-109.07
60544.68750	G11	-109.87	-109.49	-108.78
60544.68750	G12	-110.01	-109.68	-108.30
60544.68750	G19	-111.51	-111.09	-108.95
60544.68750	G24	-110.20	-109.98	-106.99
60544.68750	G25	-109.72	-109.27	-109.37
60544.68750	G29	-108.03	-107.61	-108.70
60544.69097	G06	-108.69	-107.88	-106.34
60544.69097	G11	-109.81	-109.56	-109.88
60544.69097	G12	-109.67	-109.18	-107.60
60544.69097	G19	-107.09	-106.34	-104.61
60544.69097	G24	-109.00	-108.72	-109.23
60544.69097	G25	-108.78	-108.44	-108.13
60544.69097	G29	-110.15	-109.75	-108.89
60544.69097	G32	-106.58	-105.81	-107.90
60544.69444	G06	-109.93	-109.75	-108.17
60544.69444	G11	-111.46	-111.29	-108.44
60544.69444	G12	-109.52	-109.06	-108.39
60544.69444	G24	-109.77	-109.44	-108.28
60544.69444	G25	-111.35	-111.19	-110.33
60544.69444	G29	-110.83	-110.62	-108.65
60544.69792	G06	-109.47	-109.38	-112.52
60544.69792	G11	-109.98	-110.08	-107.56
60544.69792	G12	-109.75	-109.20	-107.53
60544.69792	G24	-109.68	-109.31	-108.45
60544.69792	G25	-111.88	-111.58	-108.58
60544.69792	G29	-110.18	-110.26	-110.51
60544.70139	G06	-108.90	-108.94	-106.48
60544.70139	G11	-109.68	-109.64	-108.75
60544.70139	G12	-108.96	-108.45	-107.84
60544.70139	G24	-109.33	-108.93	-109.01
60544.70139	G25	-109.76	-109.36	-107.19
60544.70139	G29	-108.35	-108.28	-105.63
60544.70486	G06	-110.64	-110.56	-108.30
60544.70486	G11	-110.15	-110.03	-108.88
60544.70486	G12	-111.55	-111.13	-108.52
60544.70486	G20	-107.46	-108.51	-112.64
60544.70486	G24	-109.00	-108.61	-108.83
60544.70486	G25	-110.07	-109.93	-108.68
60544.70486	G28	-110.19	-110.36	-108.57
60544.70486	G29	-110.42	-110.03	-110.65
60544.70833	G06	-111.68	-111.67	-108.64
60544.70833	G11	-109.47	-109.02	-109.57
60544.70833	G12	-109.97	-109.70	-108.30
60544.70833	G20	-109.23	-109.32	-111.96
60544.70833	G24	-109.74	-109.15	-106.53
60544.70833	G25	-108.99	-108.67	-111.68
60544.70833	G28	-112.04	-111.76	-115.00
60544.70833	G29	-110.44	-110.41	-107.52
60544.71181	G06	-110.66	-110.81	-108.63
60544.71181	G11	-110.31	-110.01	-107.88
60544.71181	G12	-110.16	-109.77	-107.90
60544.71181	G20	-108.13	-109.04	-108.18
60544.71181	G24	-106.46	-106.09	-107.33
60544.71181	G25	-110.25	-110.19	-108.21
60544.71181	G28	-111.20	-109.85	-111.61
60544.71181	G29	-110.37	-110.34	-109.06
60544.71528	G06	-111.73	-111.20	-114.50
60544.71528	G11	-109.61	-109.37	-108.06
60544.71528	G12	-109.94	-109.43	-108.84
60544.71528	G20	-109.08	-108.52	-107.80
60544.71528	G24	-110.47	-110.36	-107.44
60544.71528	G25	-109.80	-109.77	-107.30
60544.71528	G28	-110.87	-108.94	-103.98
60544.71528	G29	-110.55	-110.44	-108.42
60544.71875	G06	-108.44	-107.88	-113.89
60544.71875	G11	-111.57	-111.23	-110.62
60544.71875	G12	-109.42	-108.81	-108.28
60544.71875	G20	-111.70	-111.97	-105.00
60544.71875	G24	-110.69	-110.28	-110.69
60544.71875	G25	-109.31	-109.11	-107.94
60544.71875	G28	-110.58	-108.18	-106.43
60544.71875	G29	-110.80	-110.56	-108.90
60544.72222	G06	-111.16	-110.82	-112.87
60544.72222	G11	-110.05	-109.93	-108.44
60544.72222	G12	-109.52	-108.97	-107.56
60544.72222	G20	-107.99	-108.20	-113.29
60544.72222	G24	-109.33	-108.82	-107.42
60544.72222	G25	-110.39	-110.17	-109.13
60544.72222	G28	-108.17	-107.13	-108.41
60544.72222	G29	-109.76	-109.32	-109.58
60544.72569	G06	-110.17	-109.64	-109.20
60544.72569	G11	-111.29	-111.27	-108.76
60544.72569	G12	-109.18	-108.66	-107.85
60544.72569	G20	-105.81	-105.03	-111.72
60544.72569	G24	-108.95	-108.56	-110.65
60544.72569	G25	-108.05	-107.55	-107.56
60544.72569	G28	-110.45	-110.15	-105.01
60544.72569	G29	-111.53	-111.06	-110.45
60544.72917	G06	-109.40	-109.60	-108.97
60544.72917	G11	-108.90	-108.65	-107.27
60544.72917	G12	-109.46	-109.04	-108.92
60544.72917	G20	-112.34	-112.06	-107.01
60544.72917	G24	-108.64	-108.39	-107.31
60544.72917	G25	-109.39	-108.90	-108.45
60544.72917	G28	-108.27	-108.19	-104.77
60544.72917	G29	-109.19	-108.64	-110.26
60544.73264	G05	-110.36	-111.31	-113.80
60544.73264	G06	-110.95	-111.99	-111.00
60544.73264	G11	-109.84	-109.57	-107.73
60544.73264	G12	-108.65	-108.23	-108.25
60544.73264	G20	-109.42	-109.61	-107.78
60544.73264	G24	-109.06	-108.53	-110.50
60544.73264	G25	-108.51	-108.14	-108.24
60544.73264	G28	-109.37	-109.51	-106.99
60544.73264	G29	-108.92	-108.50	-108.81
60544.73611	G05	-109.94	-110.73	-106.84
60544.73611	G11	-108.90	-108.52	-107.95
60544.73611	G12	-109.05	-108.41	-109.12
60544.73611	G20	-109.19	-108.74	-110.85
60544.73611	G24	-107.39	-106.96	-107.48
60544.73611	G25	-109.63	-109.14	-108.89
60544.73611	G28	-111.18	-110.94	-108.24
60544.73611	G29	-109.44	-109.17	-108.76
60544.73958	G05	-107.72	-107.69	-110.32
60544.73958	G11	-110.22	-109.93	-108.73
60544.73958	G12	-108.00	-107.47	-107.15
60544.73958	G20	-108.20	-107.85	-106.37
60544.73958	G24	-109.92	-109.92	-107.87
60544.73958	G25	-110.37	-109.91	-107.32
60544.73958	G28	-109.18	-109.05	-110.71
60544.73958	G29	-109.30	-109.10	-108.57
60544.74306	G05	-105.14	-104.37	-105.96
60544.74306	G11	-110.82	-110.55	-108.78
60544.74306	G12	-109.45	-108.82	-108.91
60544.74306	G18	-112.52	-113.43	-105.15
60544.74306	G20	-108.42	-108.19	-109.14
60544.74306	G24	-109.39	-108.97	-111.08
60544.74306	G25	-108.88	-108.60	-107.72
60544.74306	G28	-110.81	-110.50	-112.19
60544.74306	G29	-108.88	-108.45	-107.33
60544.74653	G05	-109.09	-108.52	-111.70
60544.74653	G11	-111.94	-111.57	-110.37
60544.74653	G12	-108.43	-107.93	-108.84
60544.74653	G18	-113.04	-113.59	-109.43
60544.74653	G20	-108.33	-107.61	-109.41
60544.74653	G24	-109.86	-109.52	-107.87
60544.74653	G25	-108.62	-108.43	-108.14
60544.74653	G28	-109.03	-109.13	-107.87
60544.74653	G29	-109.43	-109.08	-108.82
60544.75000	G05	-108.40	-108.29	-110.88
60544.75000	G11	-109.11	-109.04	-109.37
60544.75000	G12	-109.70	-109.25	-108.56
60544.75000	G18	-109.52	-108.91	-109.76
60544.75000	G20	-109.06	-108.48	-107.33
60544.75000	G24	-107.79	-107.58	-110.33
60544.75000	G25	-109.23	-109.10	-107.17
60544.75000	G28	-109.29	-109.32	-109.43
60544.75000	G29	-108.55	-108.40	-110.14
60544.75347	G05	-108.51	-108.25	-107.25
60544.75347	G11	-110.98	-110.65	-109.02
60544.75347	G12	-110.43	-109.98	-108.64
60544.75347	G18	-113.68	-112.96	-110.01
60544.75347	G20	-110.83	-110.44	-108.38
60544.75347	G24	-108.38	-107.56	-105.72
60544.75347	G25	-109.26	-108.93	-108.60
60544.75347	G28	-109.80	-109.57	-107.97
60544.75347	G29	-109.61	-109.51	-109.08
60544.75694	G05	-110.13	-109.65	-105.67
60544.75694	G11	-106.60	-106.34	-110.69
60544.75694	G12	-111.42	-111.18	-108.30
60544.75694	G18	-108.99	-108.42	-106.68
60544.75694	G20	-108.53	-108.26	-106.40
60544.75694	G24	-108.58	-108.28	-113.66
60544.75694	G25	-109.19	-108.99	-108.02
60544.75694	G28	-109.19	-108.69	-107.65
60544.75694	G29	-107.92	-107.82	-109.24
60544.76042	G05	-107.79	-107.21	-110.50
60544.76042	G11	-110.38	-110.14	-106.29
60544.76042	G12	-109.95	-109.74	-108.67
60544.76042	G18	-110.86	-110.65	-107.85
60544.76042	G20	-109.77	-109.21	-108.91
60544.76042	G24	-108.54	-108.46	-110.42
60544.76042	G25	-110.08	-109.86	-109.11
60544.76042	G28	-110.95	-110.64	-108.79
60544.76042	G29	-110.26	-110.16	-109.51
60544.76389	G05	-108.51	-108.35	-108.83
60544.76389	G11	-111.08	-110.42	-110.14
60544.76389	G12	-110.18	-109.84	-108.76
60544.76389	G18	-108.68	-107.98	-108.79
60544.76389	G20	-109.84	-109.45	-109.49
60544.76389	G24	-109.35	-109.16	-110.73
60544.76389	G25	-109.48	-109.28	-110.05
60544.76389	G28	-109.98	-109.52	-108.29
60544.76389	G29	-107.41	-107.17	-108.81
60544.76389	G31	-112.37	-113.47	-106.87
60544.76736	G05	-108.58	-108.58	-106.92
60544.76736	G11	-107.39	-106.96	-112.40
60544.76736	G12	-110.35	-109.93	-108.61
60544.76736	G18	-109.51	-109.03	-113.40
60544.76736	G20	-110.04	-109.86	-108.26
60544.76736	G25	-110.13	-109.88	-108.20
60544.76736	G28	-109.30	-109.00	-107.71
60544.76736	G29	-110.39	-110.01	-108.46
60544.76736	G31	-107.73	-108.45	-109.40
60544.77083	G05	-109.02	-108.94	-110.73
60544.77083	G11	-107.48	-107.19	-109.05
60544.77083	G12	-109.94	-109.66	-110.05
60544.77083	G18	-108.43	-108.17	-109.53
60544.77083	G20	-108.05	-108.01	-111.14
60544.77083	G25	-108.77	-108.53	-108.84
60544.77083	G28	-110.63	-110.07	-109.18
60544.77083	G29	-108.44	-108.11	-109.91
60544.77083	G31	-110.10	-109.83	-114.47
60544.77431	G05	-109.64	-109.59	-107.21
60544.77431	G11	-110.09	-110.02	-108.68
60544.77431	G12	-109.58	-109.32	-109.11
60544.77431	G18	-108.94	-108.70	-109.22
60544.77431	G20	-107.80	-107.52	-107.91
60544.77431	G25	-109.03	-108.76	-108.68
60544.77431	G28	-108.91	-108.72	-111.95
60544.77431	G29	-109.16	-108.78	-108.30
60544.77431	G31	-112.93	-113.36	-107.59
60544.77778	G05	-112.21	-112.02	-107.27
60544.77778	G11	-112.45	-112.42	-104.09
60544.77778	G12	-109.61	-109.47	-109.00
60544.77778	G18	-111.54	-111.18	-109.08
60544.77778	G20	-108.74	-108.48	-109.24
60544.77778	G25	-109.80	-109.34	-108.30
60544.77778	G28	-110.79	-110.42	-111.91
60544.77778	G29	-109.59	-109.01	-107.41
60544.77778	G31	-112.23	-112.95	-109.31
60544.78125	G05	-110.18	-109.91	-109.23
60544.78125	G11	-107.34	-107.88	-104.69
60544.78125	G12	-107.95	-107.70	-108.85
60544.78125	G18	-108.71	-108.51	-108.90
60544.78125	G20	-109.99	-109.65	-108.24
60544.78125	G25	-108.63	-108.15	-107.96
60544.78125	G28	-108.81	-108.52	-112.39
60544.78125	G29	-109.21	-108.80	-109.39
60544.78125	G31	-107.49	-108.19	-113.30
60544.78472	G05	-108.26	-107.96	-107.86
60544.78472	G11	-113.49	-113.02	-112.37
60544.78472	G12	-108.91	-108.79	-107.17
60544.78472	G18	-108.86	-108.22	-108.17
60544.78472	G20	-108.95	-108.77	-108.18
60544.78472	G25	-110.07	-109.68	-109.80
60544.78472	G28	-110.19	-109.98	-109.80
60544.78472	G29	-109.52	-109.12	-109.52
60544.78472	G31	-111.74	-111.49	-107.17
60544.78819	G05	-109.12	-108.78	-110.46
60544.78819	G11	-112.32	-111.60	-113.54
60544.78819	G12	-109.83	-109.65	-106.10
60544.78819	G18	-107.92	-107.78	-106.54
60544.78819	G20	-111.32	-110.94	-109.07
60544.78819	G25	-108.08	-107.78	-108.20
60544.78819	G28	-111.64	-111.46	-106.83
60544.78819	G29	-109.86	-109.49	-107.51
60544.78819	G31	-110.08	-109.55	-107.78
60544.79167	G05	-109.52	-109.12	-109.39
60544.79167	G11	-107.65	-105.81	-107.51
60544.79167	G12	-109.86	-109.33	-108.49
60544.79167	G18	-109.32	-109.11	-110.70
60544.79167	G20	-108.97	-108.79	-109.82
60544.79167	G25	-108.49	-108.22	-107.86
60544.79167	G26	-112.26	-112.52	-111.25
60544.79167	G28	-110.74	-110.57	-107.33
60544.79167	G29	-109.42	-109.03	-107.92
60544.79167	G31	-111.90	-111.25	-108.02
60544.79514	G05	-109.10	-108.80	-109.18
60544.79514	G11	-109.56	-108.16	-108.17
60544.79514	G12	-110.74	-110.31	-108.47
60544.79514	G18	-111.02	-110.79	-109.16
60544.79514	G20	-109.08	-108.97	-110.80
60544.79514	G25	-109.29	-109.03	-107.60
60544.79514	G26	-112.45	-113.42	-114.52
60544.79514	G28	-110.86	-111.06	-108.73
60544.79514	G29	-109.93	-109.48	-107.66
60544.79514	G31	-109.58	-108.21	-111.49
60544.79861	G05	-108.93	-108.64	-109.98
60544.79861	G11	-105.43	-103.24	-103.86
60544.79861	G12	-108.81	-108.53	-108.39
60544.79861	G18	-109.54	-109.43	-109.34
60544.79861	G20	-107.17	-106.87	-108.82
60544.79861	G25	-109.61	-109.00	-109.22
60544.79861	G26	-106.41	-106.49	-108.56
60544.79861	G28	-110.93	-110.72	-107.50
60544.79861	G29	-109.68	-109.36	-109.06
60544.79861	G31	-106.75	-106.10	-107.33
60544.80208	G05	-108.75	-108.55	-108.75
60544.80208	G11	-109.76	-107.90	-108.09
60544.80208	G12	-109.37	-109.04	-110.94
60544.80208	G18	-108.30	-108.10	-108.18
60544.80208	G20	-112.71	-112.32	-110.19
60544.80208	G25	-109.68	-109.20	-108.88
60544.80208	G26	-109.50	-108.87	-109.99
60544.80208	G28	-109.52	-109.40	-108.11
60544.80208	G29	-110.96	-110.69	-108.96
60544.80208	G31	-107.80	-107.32	-110.17
60544.80556	G05	-107.97	-107.80	-109.16
60544.80556	G12	-109.41	-109.21	-107.22
60544.80556	G18	-109.55	-108.95	-108.46
60544.80556	G20	-107.98	-107.79	-108.53
60544.80556	G25	-109.00	-108.58	-108.25
60544.80556	G26	-110.29	-109.41	-106.05
60544.80556	G28	-110.03	-109.83	-109.40
60544.80556	G29	-108.15	-107.80	-108.62
60544.80556	G31	-109.66	-109.43	-108.36
60544.80903	G05	-108.41	-108.35	-106.94
60544.80903	G12	-111.80	-111.67	-107.23
60544.80903	G18	-109.07	-108.60	-109.39
60544.80903	G20	-109.12	-108.87	-107.92
60544.80903	G25	-109.54	-109.27	-108.89
60544.80903	G26	-111.07	-110.45	-109.85
60544.80903	G28	-110.75	-110.35	-108.51
60544.80903	G29	-109.53	-109.17	-109.70
60544.80903	G31	-109.08	-108.48	-111.67
60544.81250	G05	-109.80	-109.63	-110.29
60544.81250	G12	-109.53	-109.15	-109.86
60544.81250	G18	-108.42	-108.08	-108.83
60544.81250	G20	-104.67	-104.78	-106.05
60544.81250	G25	-110.21	-109.85	-109.40
60544.81250	G26	-109.36	-109.24	-109.91
60544.81250	G28	-109.83	-109.38	-109.74
60544.81250	G29	-109.74	-109.24	-109.91
60544.81250	G31	-110.34	-109.67	-107.09
60544.81597	G05	-108.70	-108.33	-109.51
60544.81597	G12	-108.08	-107.73	-109.85
60544.81597	G18	-108.23	-107.81	-106.91
60544.81597	G20	-110.00	-109.54	-110.03
60544.81597	G25	-106.15	-105.93	-108.00
60544.81597	G26	-109.59	-109.44	-108.74
60544.81597	G28	-108.24	-107.98	-108.77
60544.81597	G29	-110.38	-110.05	-109.49
60544.81597	G31	-107.77	-107.10	-111.64
60544.81944	G05	-109.98	-109.69	-109.95
60544.81944	G12	-111.34	-111.13	-108.53
60544.81944	G18	-109.42	-108.96	-107.46
60544.81944	G20	-108.98	-108.95	-109.11
60544.81944	G25	-109.74	-109.44	-108.46
60544.81944	G26	-108.18	-107.87	-106.88
60544.81944	G28	-110.58	-110.39	-109.40
60544.81944	G29	-109.60	-109.20	-109.15
60544.81944	G31	-110.22	-109.82	-106.88
60544.82292	G05	-109.67	-109.27	-109.88
60544.82292	G12	-109.91	-109.40	-108.97
60544.82292	G18	-106.87	-106.56	-108.81
60544.82292	G20	-110.03	-110.08	-109.92
60544.82292	G23	-112.62	-112.71	-105.51
60544.82292	G25	-109.57	-109.15	-108.77
60544.82292	G26	-107.88	-107.30	-105.06
60544.82292	G28	-112.02	-111.88	-109.30
60544.82292	G29	-110.92	-110.64	-107.71
60544.82292	G31	-110.90	-110.78	-110.06
60544.82639	G05	-111.75	-111.33	-106.84
60544.82639	G12	-107.34	-106.68	-106.54
60544.82639	G18	-108.17	-107.93	-110.50
60544.82639	G20	-107.99	-108.08	-108.69
60544.82639	G23	-108.57	-108.30	-108.35
60544.82639	G25	-108.88	-108.50	-107.88
60544.82639	G26	-109.47	-109.08	-105.73
60544.82639	G28	-109.88	-109.67	-112.17
60544.82639	G29	-110.24	-109.79	-109.37
60544.82639	G31	-109.63	-109.37	-108.90
60544.82986	G05	-109.10	-108.71	-106.71
60544.82986	G12	-109.97	-109.57	-106.80
60544.82986	G18	-107.26	-106.92	-107.78
60544.82986	G20	-107.32	-107.35	-108.05
60544.82986	G23	-111.78	-111.14	-109.19
60544.82986	G25	-107.86	-107.40	-108.14
60544.82986	G26	-108.29	-107.88	-110.55
60544.82986	G28	-108.41	-108.28	-108.88
60544.82986	G29	-108.94	-108.80	-106.84
60544.82986	G31	-109.85	-109.36	-109.84
60544.83333	G05	-109.28	-109.01	-109.13
60544.83333	G12	-110.09	-109.98	-105.27
60544.83333	G18	-110.30	-109.90	-107.72
60544.83333	G20	-112.96	-113.12	-107.72
60544.83333	G23	-112.80	-112.19	-109.07
60544.83333	G25	-109.44	-108.96	-109.27
60544.83333	G26	-108.57	-108.30	-104.20
60544.83333	G28	-110.15	-109.88	-105.41
60544.83333	G29	-108.66	-108.44	-108.61
60544.83333	G31	-110.81	-110.62	-110.48
60544.83681	G05	-108.52	-108.67	-107.14
60544.83681	G12	-108.88	-108.27	-107.88
60544.83681	G18	-108.98	-108.76	-109.57
60544.83681	G20	-108.49	-107.94	-108.27
60544.83681	G23	-109.76	-108.85	-106.46
60544.83681	G25	-109.60	-109.17	-109.10
60544.83681	G26	-110.59	-110.55	-107.69
60544.83681	G28	-109.31	-108.76	-110.25
60544.83681	G29	-109.26	-108.98	-107.16
60544.83681	G31	-110.91	-110.79	-106.47
60544.84028	G05	-110.69	-110.66	-110.11
60544.84028	G12	-116.34	-115.57	-110.03
60544.84028	G18	-109.37	-108.93	-106.69
60544.84028	G20	-108.55	-106.92	-106.96
60544.84028	G23	-109.03	-107.66	-107.99
60544.84028	G25	-109.68	-109.43	-107.81
60544.84028	G26	-107.24	-106.99	-109.17
60544.84028	G28	-106.77	-106.57	-112.01
60544.84028	G29	-109.49	-109.28	-108.14
60544.84028	G31	-109.04	-108.94	-111.36
60544.84375	G05	-108.29	-107.71	-109.73
60544.84375	G18	-109.44	-108.99	-109.50
60544.84375	G23	-112.52	-111.81	-110.90
60544.84375	G25	-109.65	-109.59	-111.11
60544.84375	G26	-110.43	-109.94	-110.41
60544.84375	G28	-109.62	-108.87	-106.53
60544.84375	G29	-109.00	-108.95	-107.90
60544.84375	G31	-110.75	-110.56	-111.37
60544.84722	G05	-108.95	-108.37	-108.07
60544.84722	G18	-108.57	-108.15	-108.64
60544.84722	G23	-108.89	-108.40	-107.84
60544.84722	G25	-108.87	-108.56	-111.34
60544.84722	G26	-108.98	-108.61	-107.88
60544.84722	G28	-110.28	-109.60	-114.98
60544.84722	G29	-109.09	-108.98	-108.91
60544.84722	G31	-107.90	-107.13	-108.06
60544.85069	G05	-113.99	-113.84	-107.93
60544.85069	G16	-111.14	-109.48	-106.85
60544.85069	G18	-109.34	-108.76	-109.67
60544.85069	G23	-111.23	-111.13	-108.71
60544.85069	G25	-109.70	-109.44	-107.45
60544.85069	G26	-110.71	-110.26	-109.06
60544.85069	G28	-104.05	-103.44	-110.80
60544.85069	G29	-108.99	-108.92	-108.52
60544.85069	G31	-106.14	-105.74	-106.75
60544.85417	G05	-108.00	-107.81	-108.37
60544.85417	G16	-110.18	-109.59	-116.10
60544.85417	G18	-110.24	-109.87	-107.86
60544.85417	G23	-110.88	-110.51	-107.09
60544.85417	G25	-109.05	-108.73	-108.30
60544.85417	G26	-110.66	-110.48	-109.74
60544.85417	G28	-114.05	-114.94	-109.92
60544.85417	G29	-110.03	-109.57	-108.45
60544.85417	G31	-111.05	-110.43	-108.90
60544.85764	G05	-108.53	-108.43	-111.08
60544.85764	G16	-110.44	-110.36	-110.01
60544.85764	G18	-110.52	-110.13	-108.70
60544.85764	G23	-108.72	-108.52	-106.04
60544.85764	G25	-110.67	-110.67	-108.87
60544.85764	G26	-111.02	-110.76	-108.54
60544.85764	G28	-108.76	-109.20	-112.15
60544.85764	G29	-109.30	-108.98	-107.61
60544.85764	G31	-109.22	-109.05	-107.87
60544.86111	G05	-114.23	-114.80	-101.84
60544.86111	G16	-110.82	-110.30	-109.25
60544.86111	G18	-109.56	-109.08	-107.50
60544.86111	G23	-107.62	-107.18	-110.14
60544.86111	G25	-111.80	-112.04	-109.96
60544.86111	G26	-111.80	-111.49	-109.15
60544.86111	G29	-110.20	-109.84	-108.04
60544.86111	G31	-109.94	-109.54	-115.13
60544.86458	G05	-109.66	-109.85	-113.51
60544.86458	G16	-112.32	-111.64	-110.87
60544.86458	G18	-107.18	-106.62	-108.07
60544.86458	G23	-111.15	-110.73	-107.49
60544.86458	G25	-111.04	-110.88	-110.50
60544.86458	G26	-110.14	-109.69	-107.95
60544.86458	G29	-109.92	-109.62	-110.06
60544.86806	G05	-112.83	-113.09	-105.38
60544.86806	G16	-110.51	-109.82	-108.28
60544.86806	G18	-108.55	-108.28	-109.37
60544.86806	G23	-109.20	-108.82	-107.28
60544.86806	G25	-109.17	-109.32	-108.64
60544.86806	G26	-108.78	-108.46	-107.79
60544.86806	G29	-110.71	-110.36	-108.69
60544.87153	G05	-108.77	-108.89	-111.56
60544.87153	G10	-110.00	-107.73	-109.67
60544.87153	G15	-112.62	-112.95	-113.94
60544.87153	G16	-109.62	-109.50	-108.91
60544.87153	G18	-109.14	-108.87	-108.57
60544.87153	G23	-109.86	-109.79	-107.56
60544.87153	G25	-106.67	-106.86	-105.03
60544.87153	G26	-109.43	-109.30	-108.58
60544.87153	G29	-109.23	-109.08	-107.39
60544.87500	G05	-111.16	-110.70	-111.48
60544.87500	G10	-113.79	-112.22	-105.39
60544.87500	G15	-106.23	-105.35	-114.26
60544.87500	G16	-107.12	-106.52	-107.61
60544.87500	G18	-109.67	-109.29	-109.40
60544.87500	G23	-110.60	-110.42	-110.09
60544.87500	G25	-107.20	-107.03	-106.33
60544.87500	G26	-110.30	-110.06	-107.98
60544.87500	G29	-109.22	-108.98	-108.22
60544.87847	G05	-112.03	-111.44	-111.00
60544.87847	G10	-111.83	-110.59	-107.70
60544.87847	G15	-107.36	-106.35	-109.71
60544.87847	G16	-109.73	-109.22	-106.73
60544.87847	G18	-110.22	-109.95	-107.51
60544.87847	G23	-110.10	-109.61	-109.00
60544.87847	G25	-108.62	-109.00	-110.09
60544.87847	G26	-108.61	-108.07	-111.25
60544.87847	G29	-109.43	-109.32	-109.07
60544.88194	G05	-108.04	-107.25	-111.62
60544.88194	G10	-110.16	-109.79	-109.30
60544.88194	G15	-109.36	-109.42	-111.44
60544.88194	G16	-111.16	-110.53	-110.42
60544.88194	G18	-109.91	-109.64	-107.95
60544.88194	G23	-110.87	-110.18	-110.23
60544.88194	G25	-110.94	-111.14	-112.97
60544.88194	G26	-111.36	-111.13	-109.39
60544.88194	G29	-109.53	-109.07	-108.55
60544.88542	G05	-108.45	-107.79	-112.22
60544.88542	G10	-109.98	-109.44	-103.97
60544.88542	G15	-107.60	-107.17	-111.79
60544.88542	G16	-107.92	-107.78	-112.89
60544.88542	G18	-108.82	-108.54	-108.20
60544.88542	G23	-110.01	-109.32	-107.75
60544.88542	G25	-109.38	-108.80	-112.26
60544.88542	G26	-108.53	-108.27	-108.74
60544.88542	G29	-108.15	-107.71	-107.27
60544.88889	G05	-109.47	-108.23	-107.95
60544.88889	G10	-108.84	-108.11	-108.25
60544.88889	G15	-107.69	-107.60	-108.04
60544.88889	G16	-109.35	-108.75	-109.83
60544.88889	G18	-109.76	-109.42	-107.74
60544.88889	G23	-107.49	-107.18	-106.95
60544.88889	G25	-108.89	-108.79	-109.54
60544.88889	G26	-107.94	-107.59	-109.37
60544.88889	G27	-110.69	-109.72	-107.18
60544.88889	G29	-110.31	-109.93	-107.25
60544.89236	G05	-115.68	-114.98	-105.74
60544.89236	G10	-109.64	-108.91	-104.52
60544.89236	G15	-110.61	-110.18	-107.61
60544.89236	G16	-109.51	-109.08	-105.19
60544.89236	G18	-107.54	-107.11	-108.16
60544.89236	G23	-110.38	-110.21	-108.17
60544.89236	G26	-110.31	-110.23	-109.60
60544.89236	G27	-116.96	-115.19	-107.40
60544.89236	G29	-108.24	-107.94	-110.95
60544.89583	G10	-110.80	-110.49	-111.59
60544.89583	G15	-106.93	-106.53	-109.04
60544.89583	G16	-110.05	-110.04	-112.07
60544.89583	G18	-110.30	-109.85	-110.01
60544.89583	G23	-110.75	-110.31	-108.47
60544.89583	G26	-111.15	-111.02	-110.05
60544.89583	G27	-111.65	-111.11	-115.39
60544.89583	G29	-109.37	-109.05	-109.11
60544.89931	G10	-110.78	-110.72	-107.99
60544.89931	G15	-110.63	-110.32	-107.58
60544.89931	G16	-110.79	-110.75	-105.40
60544.89931	G18	-112.07	-111.58	-109.41
60544.89931	G23	-109.83	-109.29	-107.64
60544.89931	G26	-111.25	-111.04	-108.58
60544.89931	G29	-109.14	-108.83	-109.06
60544.90278	G10	-112.48	-112.00	-107.96
60544.90278	G15	-107.77	-107.53	-108.72
60544.90278	G16	-108.75	-108.47	-110.85
60544.90278	G18	-110.02	-109.52	-109.87
60544.90278	G23	-107.46	-106.83	-109.74
60544.90278	G26	-109.68	-109.37	-107.63
60544.90278	G27	-108.68	-107.73	-105.11
60544.90278	G29	-109.27	-108.61	-107.54
60544.90625	G10	-112.95	-112.56	-109.07
60544.90625	G15	-109.55	-109.45	-108.49
60544.90625	G16	-108.80	-108.62	-110.16
60544.90625	G18	-111.20	-110.88	-108.67
60544.90625	G23	-109.21	-108.90	-109.10
60544.90625	G26	-108.34	-107.98	-108.54
60544.90625	G27	-107.85	-107.02	-106.93
60544.90625	G29	-110.43	-110.07	-105.93
60544.90972	G10	-110.48	-110.36	-109.73
60544.90972	G15	-112.27	-112.15	-109.74
60544.90972	G16	-108.73	-108.36	-108.31
60544.90972	G18	-109.41	-108.81	-108.25
60544.90972	G23	-110.28	-110.06	-110.56
60544.90972	G26	-109.93	-109.83	-108.14
60544.90972	G27	-111.02	-110.77	-107.48
60544.90972	G29	-109.16	-108.77	-107.42
60544.91319	G10	-110.12	-109.90	-106.83
60544.91319	G15	-107.82	-107.36	-110.16
60544.91319	G16	-109.93	-109.94	-108.25
60544.91319	G18	-109.80	-109.53	-107.75
60544.91319	G23	-109.00	-108.78	-109.41
60544.91319	G26	-109.09	-108.93	-108.42
60544.91319	G27	-111.22	-110.49	-106.64
60544.91319	G29	-110.10	-109.66	-108.65
60544.91667	G10	-109.93	-109.87	-106.67
60544.91667	G15	-109.35	-109.11	-107.44
60544.91667	G16	-109.90	-109.91	-109.92
60544.91667	G18	-110.35	-110.02	-108.94
60544.91667	G23	-110.11	-109.78	-108.45
60544.91667	G26	-109.29	-109.14	-108.97
60544.91667	G27	-109.29	-109.47	-107.51
60544.91667	G29	-108.99	-108.60	-110.12
60544.92014	G10	-110.34	-109.81	-110.21
60544.92014	G15	-110.75	-110.60	-107.97
60544.92014	G16	-107.85	-107.41	-106.60
60544.92014	G18	-110.52	-110.33	-107.21
60544.92014	G23	-109.83	-109.49	-110.11
60544.92014	G26	-111.34	-111.16	-109.16
60544.92014	G27	-108.60	-108.36	-111.83
60544.92014	G29	-107.67	-107.23	-109.65
60544.92361	G10	-107.60	-107.16	-107.66
60544.92361	G15	-107.87	-107.89	-109.59
60544.92361	G16	-108.80	-108.37	-108.42
60544.92361	G18	-109.31	-109.13	-110.52
60544.92361	G23	-107.98	-107.68	-108.92
60544.92361	G26	-110.46	-110.14	-106.86
60544.92361	G27	-109.98	-109.71	-109.49
60544.92361	G29	-110.80	-109.98	-109.42
60544.92708	G10	-109.78	-109.57	-107.05
60544.92708	G15	-109.37	-109.19	-107.84
60544.92708	G16	-109.79	-109.50	-108.94
60544.92708	G18	-109.79	-109.76	-107.23
60544.92708	G23	-107.84	-107.41	-108.58
60544.92708	G26	-110.74	-110.46	-108.64
60544.92708	G27	-110.53	-109.92	-108.69
60544.92708	G29	-113.16	-112.95	-108.98
60544.93056	G10	-110.86	-110.42	-109.27
60544.93056	G15	-108.45	-108.23	-109.54
60544.93056	G16	-109.26	-108.95	-107.97
60544.93056	G18	-109.75	-109.68	-108.87
60544.93056	G23	-110.35	-109.89	-108.68
60544.93056	G26	-108.87	-108.54	-107.64
60544.93056	G27	-109.92	-109.41	-112.10
60544.93056	G29	-110.28	-110.03	-108.09
60544.93403	G10	-108.32	-107.78	-108.94
60544.93403	G15	-110.47	-110.10	-109.60
60544.93403	G16	-109.93	-109.41	-108.36
60544.93403	G18	-112.99	-112.89	-107.54
60544.93403	G23	-108.70	-108.58	-108.06
60544.93403	G26	-110.52	-110.27	-109.92
60544.93403	G27	-110.02	-109.44	-105.58
60544.93403	G29	-107.28	-106.47	-107.56
60544.93750	G10	-109.95	-109.43	-107.83
60544.93750	G15	-110.67	-110.57	-107.58
60544.93750	G16	-110.17	-109.44	-107.29
60544.93750	G18	-109.40	-109.18	-110.58
60544.93750	G23	-109.88	-109.75	-108.09
60544.93750	G26	-109.43	-109.03	-109.88
60544.93750	G27	-108.01	-107.70	-107.92
60544.93750	G29	-113.21	-113.10	-111.08
60544.94097	G10	-109.67	-109.20	-107.03
60544.94097	G15	-106.43	-105.66	-109.44
60544.94097	G16	-108.68	-108.30	-111.31
60544.94097	G18	-108.95	-108.82	-110.72
60544.94097	G23	-107.94	-107.72	-110.63
60544.94097	G26	-107.24	-106.97	-104.99
60544.94097	G27	-109.92	-109.71	-110.78
60544.94097	G29	-109.81	-109.77	-105.55
60544.94444	G10	-110.92	-110.62	-106.65
60544.94444	G15	-110.06	-109.38	-108.82
60544.94444	G16	-109.91	-109.61	-111.06
60544.94444	G18	-109.96	-109.81	-109.15
60544.94444	G23	-109.09	-108.71	-109.84
60544.94444	G26	-110.74	-110.45	-109.70
60544.94444	G27	-111.77	-111.29	-110.73
60544.94444	G29	-106.76	-106.28	-110.25
60544.94792	G08	-105.54	-104.87	-114.37
60544.94792	G10	-109.67	-109.31	-107.05
60544.94792	G15	-107.03	-106.24	-104.98
60544.94792	G16	-108.85	-108.73	-108.12
60544.94792	G18	-111.37	-110.76	-108.12
60544.94792	G23	-110.19	-109.65	-108.78
60544.94792	G26	-109.00	-108.67	-107.03
60544.94792	G27	-111.01	-111.00	-106.78
60544.94792	G29	-111.05	-109.56	-105.38
60544.95139	G08	-112.72	-111.60	-115.72
60544.95139	G10	-109.47	-109.15	-108.69
60544.95139	G15	-110.00	-110.31	-108.50
60544.95139	G16	-110.47	-110.35	-110.07
60544.95139	G18	-110.05	-109.25	-107.35
60544.95139	G23	-109.17	-108.87	-107.50
60544.95139	G26	-109.65	-109.34	-111.08
60544.95139	G27	-108.74	-108.61	-107.96
60544.95139	G32	-111.97	-111.65	-106.81
60544.95486	G08	-110.44	-110.29	-109.70
60544.95486	G10	-108.37	-107.83	-108.87
60544.95486	G15	-110.47	-109.83	-103.63
60544.95486	G16	-110.92	-110.70	-108.12
60544.95486	G18	-110.78	-109.96	-108.65
60544.95486	G23	-111.13	-110.88	-108.90
60544.95486	G26	-109.57	-109.36	-111.08
60544.95486	G27	-110.03	-109.91	-109.16
60544.95486	G32	-110.30	-110.42	-109.09
60544.95833	G08	-110.00	-109.90	-105.42
60544.95833	G10	-109.91	-109.54	-108.63
60544.95833	G15	-112.92	-113.28	-110.24
60544.95833	G16	-107.52	-107.45	-107.58
60544.95833	G18	-114.17	-113.83	-107.05
60544.95833	G23	-109.29	-108.93	-108.09
60544.95833	G26	-111.29	-110.74	-109.41
60544.95833	G27	-109.57	-109.44	-107.02
60544.95833	G32	-109.18	-107.56	-109.34
60544.96181	G08	-110.93	-110.26	-104.92
60544.96181	G10	-110.61	-110.20	-108.76
60544.96181	G15	-113.42	-114.52	-109.29
60544.96181	G16	-111.37	-111.11	-109.02
60544.96181	G18	-109.76	-109.36	-108.47
60544.96181	G23	-108.93	-108.79	-108.36
60544.96181	G26	-108.26	-107.82	-111.13
60544.96181	G27	-108.37	-108.17	-110.73
60544.96181	G32	-114.73	-113.40	-110.02
60544.96528	G08	-110.04	-109.18	-111.35
60544.96528	G10	-109.42	-109.08	-109.19
60544.96528	G15	-110.25	-110.40	-108.98
60544.96528	G16	-108.05	-107.74	-111.11
60544.96528	G18	-112.02	-111.18	-105.47
60544.96528	G23	-109.18	-108.90	-108.12
60544.96528	G26	-110.37	-110.04	-109.31
60544.96528	G27	-109.85	-109.49	-108.83
60544.96528	G32	-112.55	-111.29	-106.69
60544.96875	G08	-107.43	-107.19	-111.03
60544.96875	G10	-109.44	-109.08	-107.86
60544.96875	G15	-108.14	-107.33	-109.30
60544.96875	G16	-110.44	-109.83	-107.86
60544.96875	G18	-108.74	-107.98	-109.99
60544.96875	G23	-110.17	-110.07	-109.41
60544.96875	G26	-111.85	-111.66	-106.37
60544.96875	G27	-109.91	-109.66	-107.95
60544.96875	G32	-111.30	-110.91	-107.78
60544.97222	G08	-109.45	-109.20	-108.68
60544.97222	G10	-109.50	-109.19	-108.40
60544.97222	G16	-108.83	-108.50	-109.52
60544.97222	G18	-111.48	-110.99	-110.66
60544.97222	G23	-110.39	-109.96	-108.90
60544.97222	G26	-109.55	-109.31	-110.09
60544.97222	G27	-109.74	-109.49	-108.57
60544.97222	G32	-109.19	-108.40	-108.74
60544.97569	G08	-110.15	-109.47	-111.57
60544.97569	G10	-110.80	-110.41	-108.93
60544.97569	G16	-111.18	-111.05	-108.25
60544.97569	G18	-109.64	-109.95	-106.74
60544.97569	G23	-110.03	-109.49	-108.52
60544.97569	G26	-110.54	-110.19	-111.15
60544.97569	G27	-108.69	-108.42	-109.16
60544.97569	G32	-111.25	-110.86	-107.67
60544.97917	G08	-108.97	-108.73	-104.42
60544.97917	G10	-108.80	-108.36	-108.85
60544.97917	G16	-108.74	-108.54	-109.97
60544.97917	G18	-111.00	-110.46	-109.63
60544.97917	G23	-109.46	-109.03	-108.27
60544.97917	G26	-107.95	-107.18	-107.81
60544.97917	G27	-110.06	-109.62	-108.12
60544.97917	G32	-109.78	-109.59	-108.22
60544.98264	G08	-110.26	-110.09	-111.30
60544.98264	G10	-108.54	-108.14	-109.13
60544.98264	G16	-110.49	-110.26	-109.29
60544.98264	G18	-111.27	-110.65	-109.65
60544.98264	G23	-108.07	-108.04	-109.12
60544.98264	G26	-109.23	-108.51	-108.57
60544.98264	G27	-109.15	-108.77	-110.30
60544.98264	G32	-110.73	-110.89	-111.26
60544.98611	G08	-108.35	-108.17	-109.23
60544.98611	G10	-108.94	-108.50	-108.49
60544.98611	G16	-109.41	-109.15	-109.46
60544.98611	G18	-111.96	-111.32	-111.44
60544.98611	G23	-109.06	-108.89	-109.31
60544.98611	G26	-110.33	-110.10	-110.76
60544.98611	G27	-109.61	-109.36	-109.12
60544.98611	G32	-110.26	-110.34	-108.15
60544.98958	G08	-109.90	-109.76	-108.10
60544.98958	G10	-110.34	-109.91	-110.34
60544.98958	G16	-108.56	-108.15	-109.19
60544.98958	G18	-108.88	-108.55	-109.45
60544.98958	G23	-109.46	-109.31	-109.72
60544.98958	G26	-109.44	-109.19	-111.33
60544.98958	G27	-109.83	-109.60	-109.29
60544.98958	G32	-111.40	-110.99	-110.56
60544.99306	G08	-108.20	-107.99	-108.52
60544.99306	G10	-108.36	-108.04	-108.32
60544.99306	G16	-108.26	-107.98	-106.58
60544.99306	G18	-108.94	-108.57	-110.15
60544.99306	G23	-110.74	-110.89	-108.24
60544.99306	G26	-110.26	-110.23	-108.25
60544.99306	G27	-109.42	-109.12	-108.47
60544.99306	G32	-110.86	-110.33	-107.62
60544.99653	G08	-107.14	-106.89	-107.16
60544.99653	G10	-109.45	-109.06	-108.17
60544.99653	G16	-107.29	-106.99	-111.57
60544.99653	G18	-108.92	-108.78	-104.04
60544.99653	G23	-110.64	-110.24	-109.71
60544.99653	G26	-110.80	-110.24	-105.67
60544.99653	G27	-108.21	-107.70	-108.03
60544.99653	G32	-110.23	-109.99	-107.75
60545.00000	G08	-109.24	-109.26	-105.85
60545.00000	G10	-108.69	-108.50	-108.64
60545.00000	G16	-111.64	-111.11	-109.37
60545.00000	G18	-104.54	-104.97	-105.37
60545.00000	G23	-111.78	-111.26	-106.91
60545.00000	G26	-110.23	-109.85	-111.39
60545.00000	G27	-108.70	-107.99	-109.06
60545.00000	G32	-109.57	-109.48	-109.08
