MJD	sv	E1	E5	elevation
60544.00000	E03	-110.37	-110.36	15.0
60544.00000	E07	-108.87	-110.69	28.6
60544.00000	E08	-108.68	-110.56	40.8
60544.00000	E13	-109.34	-109.96	58.7
60544.00000	E15	-109.06	-109.98	19.0
60544.00000	E21	-111.33	-111.07	33.8
60544.00000	E26	-110.15	-110.55	39.7
60544.00347	E03	-109.45	-109.60	14.4
60544.00347	E07	-110.09	-110.27	30.0
60544.00347	E08	-108.75	-110.49	41.3
60544.00347	E13	-109.88	-110.39	58.4
60544.00347	E15	-108.99	-110.73	18.3
60544.00347	E21	-110.08	-110.57	32.6
60544.00347	E26	-110.00	-110.03	40.5
60544.00694	E03	-109.25	-110.40	13.5
60544.00694	E07	-109.53	-110.64	31.9
60544.00694	E08	-109.28	-110.18	41.8
60544.00694	E13	-110.29	-110.15	57.9
60544.00694	E15	-109.40	-111.07	17.3
60544.00694	E21	-109.90	-111.24	31.1
60544.00694	E26	-108.56	-110.27	41.5
60544.01042	E03	-110.69	-110.64	12.5
60544.01042	E07	-109.23	-110.01	33.7
60544.01042	E08	-109.81	-110.14	42.3
60544.01042	E13	-109.53	-110.05	57.4
60544.01042	E15	-108.76	-110.45	16.3
60544.01042	E21	-110.19	-109.99	29.5
60544.01042	E26	-110.31	-110.47	42.5
60544.01389	E03	-110.17	-110.22	11.5
60544.01389	E07	-109.62	-110.69	35.6
60544.01389	E08	-110.54	-110.49	42.6
60544.01389	E13	-109.38	-110.38	56.9
60544.01389	E15	-109.29	-110.26	15.4
60544.01389	E21	-110.27	-110.51	27.9
60544.01389	E26	-110.50	-110.14	43.5
60544.01736	E03	-109.37	-110.01	10.5
60544.01736	E07	-109.61	-110.45	37.5
60544.01736	E08	-110.53	-110.36	42.9
60544.01736	E13	-109.73	-110.28	56.4
60544.01736	E15	-109.65	-110.34	14.4
60544.01736	E21	-110.37	-110.51	26.3
60544.01736	E26	-109.76	-110.31	44.6
60544.02083	E07	-110.33	-110.18	39.4
60544.02083	E08	-110.25	-110.21	43.0
60544.02083	E13	-109.45	-110.16	55.8
60544.02083	E15	-108.69	-110.38	13.5
60544.02083	E21	-109.31	-110.46	24.8
60544.02083	E26	-109.30	-111.00	45.7
60544.02431	E07	-108.79	-110.86	41.2
60544.02431	E08	-110.46	-109.97	43.0
60544.02431	E13	-109.41	-110.31	55.2
60544.02431	E15	-109.66	-109.38	12.5
60544.02431	E21	-109.68	-110.50	23.2
60544.02431	E26	-109.56	-110.24	46.7
60544.02778	E07	-110.73	-110.19	43.2
60544.02778	E08	-110.22	-109.81	42.8
60544.02778	E13	-109.26	-110.28	54.6
60544.02778	E15	-110.43	-110.34	11.6
60544.02778	E21	-109.28	-110.79	21.6
60544.02778	E26	-109.45	-110.21	47.8
60544.03125	E07	-109.23	-110.33	45.0
60544.03125	E08	-109.42	-110.03	42.6
60544.03125	E13	-109.41	-109.82	54.0
60544.03125	E15	-109.90	-109.95	10.6
60544.03125	E21	-110.22	-109.90	20.1
60544.03125	E26	-109.29	-110.56	48.9
60544.03472	E07	-110.12	-110.24	46.9
60544.03472	E08	-110.40	-110.01	42.2
60544.03472	E13	-109.39	-109.94	53.3
60544.03472	E15	-110.58	-110.02	10.1
60544.03472	E21	-110.50	-110.51	18.5
60544.03472	E26	-109.99	-110.39	50.0
60544.03819	E07	-109.82	-109.70	48.8
60544.03819	E08	-110.10	-110.23	41.8
60544.03819	E13	-109.28	-110.10	52.7
60544.03819	E26	-109.59	-110.90	51.2
60544.04167	E07	-110.71	-110.47	50.6
60544.04167	E08	-109.25	-110.04	41.2
60544.04167	E13	-109.79	-110.16	52.0
60544.04167	E26	-108.92	-110.28	52.3
60544.04514	E07	-109.62	-109.92	52.5
60544.04514	E08	-109.37	-110.14	40.5
60544.04514	E13	-109.74	-110.39	51.3
60544.04514	E26	-109.68	-110.11	53.4
60544.04861	E07	-109.98	-110.17	54.4
60544.04861	E08	-109.63	-110.06	39.7
60544.04861	E13	-109.89	-110.14	50.5
60544.04861	E26	-109.69	-109.83	54.7
60544.05208	E07	-109.84	-110.29	56.2
60544.05208	E08	-109.56	-110.39	38.9
60544.05208	E13	-110.03	-110.22	49.7
60544.05208	E26	-109.24	-110.04	55.9
60544.05556	E07	-109.87	-110.37	57.9
60544.05556	E08	-109.14	-110.32	37.9
60544.05556	E13	-109.52	-110.12	48.9
60544.05556	E26	-109.43	-110.23	57.1
60544.05903	E07	-109.84	-110.38	59.6
60544.05903	E08	-109.51	-110.36	36.9
60544.05903	E13	-109.94	-109.89	48.1
60544.05903	E26	-108.90	-109.73	58.3
60544.06250	E07	-110.01	-110.16	61.2
60544.06250	E08	-110.51	-109.99	35.8
60544.06250	E13	-110.21	-110.06	47.2
60544.06250	E26	-110.71	-110.19	59.6
60544.06597	E07	-109.35	-110.23	62.7
60544.06597	E08	-109.56	-110.24	34.7
60544.06597	E13	-110.45	-110.16	46.3
60544.06597	E26	-109.16	-109.91	60.8
60544.06944	E07	-109.60	-110.44	64.1
60544.06944	E08	-109.86	-110.24	33.4
60544.06944	E13	-109.75	-110.03	45.4
60544.06944	E26	-110.39	-110.41	62.1
60544.07292	E07	-109.02	-110.17	65.4
60544.07292	E08	-109.22	-110.19	32.2
60544.07292	E13	-109.37	-110.04	44.4
60544.07292	E26	-110.18	-110.42	63.4
60544.07639	E07	-109.50	-110.09	66.5
60544.07639	E08	-109.64	-110.35	30.9
60544.07639	E13	-110.21	-109.73	43.5
60544.07639	E26	-109.85	-110.55	64.6
60544.07986	E07	-109.45	-109.90	67.5
60544.07986	E08	-109.74	-110.60	29.5
60544.07986	E13	-110.59	-110.17	42.4
60544.07986	E26	-109.47	-110.37	65.9
60544.08333	E07	-109.86	-110.01	68.3
60544.08333	E08	-109.16	-110.63	28.1
60544.08333	E13	-108.96	-110.09	41.4
60544.08333	E26	-109.42	-110.39	67.2
60544.08681	E07	-109.67	-110.10	68.8
60544.08681	E08	-109.51	-110.05	26.7
60544.08681	E13	-109.49	-110.39	40.3
60544.08681	E26	-109.61	-110.52	68.5
60544.09028	E07	-109.71	-110.31	69.2
60544.09028	E08	-110.20	-110.42	25.3
60544.09028	E13	-110.56	-110.03	39.2
60544.09028	E26	-109.78	-110.07	69.7
60544.09375	E07	-109.33	-110.03	69.2
60544.09375	E08	-109.93	-110.54	23.8
60544.09375	E13	-109.58	-109.62	38.1
60544.09375	E26	-108.66	-109.99	70.9
60544.09722	E07	-109.70	-110.11	69.1
60544.09722	E08	-109.42	-110.04	22.4
60544.09722	E13	-109.35	-110.57	37.0
60544.09722	E26	-108.79	-110.49	72.1
60544.10069	E07	-109.44	-110.07	68.7
60544.10069	E08	-109.52	-110.44	20.9
60544.10069	E13	-110.78	-110.20	35.8
60544.10069	E26	-109.74	-110.22	73.2
60544.10417	E07	-109.35	-110.13	68.1
60544.10417	E08	-110.49	-110.72	19.5
60544.10417	E13	-108.51	-109.76	34.6
60544.10417	E26	-109.65	-110.01	74.1
60544.10764	E07	-109.19	-110.10	67.3
60544.10764	E08	-109.76	-110.12	18.0
60544.10764	E13	-109.31	-110.49	33.4
60544.10764	E26	-109.19	-110.09	75.0
60544.11111	E07	-108.98	-110.12	66.3
60544.11111	E08	-109.21	-110.71	16.4
60544.11111	E13	-109.18	-110.63	32.1
60544.11111	E26	-109.28	-110.15	75.8
60544.11458	E07	-109.57	-110.17	65.1
60544.11458	E08	-110.52	-110.34	14.9
60544.11458	E13	-108.72	-110.68	30.8
60544.11458	E26	-109.23	-110.20	76.4
60544.11806	E07	-109.51	-109.78	63.9
60544.11806	E08	-110.19	-110.46	13.4
60544.11806	E13	-109.99	-109.97	29.5
60544.11806	E26	-109.48	-110.00	76.8
60544.12153	E07	-109.60	-109.91	62.5
60544.12153	E08	-110.48	-110.48	11.8
60544.12153	E13	-109.18	-110.39	28.2
60544.12153	E26	-109.11	-110.11	76.9
60544.12500	E07	-109.42	-109.89	61.1
60544.12500	E08	-110.03	-108.99	10.6
60544.12500	E13	-109.62	-109.90	26.9
60544.12500	E26	-109.39	-110.04	76.8
60544.12847	E07	-109.54	-110.03	59.5
60544.12847	E13	-109.24	-110.03	25.5
60544.12847	E26	-109.53	-110.12	76.4
60544.13194	E07	-109.60	-110.13	58.0
60544.13194	E13	-109.83	-110.52	24.1
60544.13194	E19	-107.67	-110.08	17.1
60544.13194	E26	-109.66	-109.90	75.8
60544.13542	E07	-109.24	-109.94	56.4
60544.13542	E13	-109.90	-110.22	22.7
60544.13542	E19	-109.53	-109.76	18.7
60544.13542	E26	-109.55	-110.24	75.0
60544.13889	E07	-109.56	-110.26	54.7
60544.13889	E13	-109.56	-110.32	21.3
60544.13889	E19	-108.56	-110.75	20.3
60544.13889	E26	-109.35	-110.19	74.0
60544.14236	E07	-109.84	-110.00	53.1
60544.14236	E13	-110.42	-110.23	19.9
60544.14236	E19	-109.11	-110.67	21.9
60544.14236	E26	-109.07	-110.04	72.8
60544.14583	E07	-109.77	-110.23	51.4
60544.14583	E13	-109.63	-109.67	18.5
60544.14583	E19	-108.43	-110.21	23.5
60544.14583	E26	-109.35	-110.14	71.5
60544.14931	E07	-109.39	-110.40	49.7
60544.14931	E13	-109.68	-109.70	17.0
60544.14931	E19	-108.50	-111.03	25.1
60544.14931	E26	-109.46	-110.09	70.1
60544.15278	E07	-109.93	-110.28	48.1
60544.15278	E13	-109.43	-109.79	15.5
60544.15278	E19	-108.98	-109.94	26.7
60544.15278	E26	-109.70	-110.00	68.5
60544.15625	E07	-109.53	-110.22	46.4
60544.15625	E13	-109.55	-110.02	14.1
60544.15625	E19	-108.00	-110.02	28.3
60544.15625	E26	-108.84	-109.99	66.9
60544.15972	E07	-109.63	-110.17	44.7
60544.15972	E13	-110.42	-109.83	12.6
60544.15972	E19	-108.66	-111.03	29.8
60544.15972	E26	-110.03	-110.04	65.3
60544.16319	E07	-109.64	-110.43	43.0
60544.16319	E19	-107.34	-110.08	31.4
60544.16319	E26	-109.55	-110.27	63.6
60544.16667	E07	-109.80	-110.32	41.4
60544.16667	E12	-110.93	-111.38	10.5
60544.16667	E13	-110.99	-110.70	10.2
60544.16667	E19	-108.56	-109.47	32.9
60544.16667	E26	-108.74	-110.00	61.9
60544.17014	E07	-110.42	-110.17	39.8
60544.17014	E12	-110.42	-109.97	11.7
60544.17014	E19	-108.80	-109.64	34.4
60544.17014	E26	-110.18	-110.04	60.1
60544.17361	E07	-109.88	-109.87	38.1
60544.17361	E12	-110.16	-109.43	13.3
60544.17361	E19	-109.85	-110.26	36.0
60544.17361	E26	-109.65	-110.26	58.2
60544.17708	E07	-110.21	-110.24	36.5
60544.17708	E12	-109.75	-109.08	14.8
60544.17708	E19	-109.04	-110.63	37.5
60544.17708	E26	-109.11	-110.77	56.3
60544.18056	E07	-109.29	-110.39	34.9
60544.18056	E12	-109.40	-109.01	16.4
60544.18056	E19	-108.91	-109.96	38.9
60544.18056	E26	-109.84	-110.10	54.4
60544.18403	E07	-109.86	-110.17	33.3
60544.18403	E12	-111.62	-110.51	17.9
60544.18403	E19	-109.81	-109.77	40.4
60544.18403	E26	-109.26	-110.60	52.5
60544.18750	E07	-110.15	-110.00	31.7
60544.18750	E12	-112.46	-110.99	19.5
60544.18750	E19	-109.42	-109.97	41.8
60544.18750	E26	-110.01	-110.30	50.6
60544.19097	E07	-108.97	-110.32	30.2
60544.19097	E12	-110.04	-110.21	21.1
60544.19097	E19	-109.24	-110.48	43.2
60544.19097	E26	-109.21	-110.15	48.7
60544.19444	E07	-109.73	-110.17	28.7
60544.19444	E12	-110.05	-109.87	22.7
60544.19444	E19	-109.67	-110.36	44.6
60544.19444	E26	-110.15	-110.30	46.8
60544.19792	E07	-109.57	-110.21	27.2
60544.19792	E12	-109.73	-110.70	24.2
60544.19792	E19	-109.93	-109.77	45.9
60544.19792	E26	-109.06	-110.23	44.9
60544.20139	E07	-109.01	-110.37	25.7
60544.20139	E12	-109.94	-110.71	25.8
60544.20139	E19	-109.79	-109.80	47.2
60544.20139	E26	-109.92	-110.02	42.9
60544.20486	E07	-109.43	-109.99	24.2
60544.20486	E12	-109.15	-110.16	27.4
60544.20486	E19	-109.91	-109.64	48.5
60544.20486	E26	-109.38	-110.43	41.0
60544.20833	E07	-110.07	-110.46	22.8
60544.20833	E12	-109.57	-109.52	28.9
60544.20833	E19	-109.86	-110.04	49.8
60544.20833	E26	-110.52	-110.05	39.1
60544.21181	E07	-110.06	-109.90	21.4
60544.21181	E12	-110.46	-109.85	30.5
60544.21181	E19	-108.55	-110.38	51.0
60544.21181	E26	-109.81	-110.43	37.1
60544.21528	E07	-110.82	-110.85	20.0
60544.21528	E10	-110.40	-109.98	10.2
60544.21528	E12	-109.37	-110.34	32.0
60544.21528	E19	-109.39	-109.62	52.1
60544.21528	E26	-109.52	-110.01	35.2
60544.21875	E07	-110.31	-109.55	18.6
60544.21875	E10	-109.85	-108.92	11.2
60544.21875	E12	-109.51	-109.92	33.5
60544.21875	E19	-110.11	-109.20	53.3
60544.21875	E26	-109.35	-109.63	33.3
60544.22222	E07	-110.50	-110.39	17.3
60544.22222	E10	-109.94	-112.83	12.7
60544.22222	E12	-108.85	-110.44	35.0
60544.22222	E19	-110.52	-109.63	54.3
60544.22222	E26	-108.95	-110.48	31.4
60544.22569	E07	-111.43	-109.96	16.0
60544.22569	E10	-107.86	-112.11	14.2
60544.22569	E12	-109.03	-110.10	36.5
60544.22569	E19	-110.33	-109.75	55.4
60544.22569	E26	-109.80	-110.19	29.5
60544.22917	E07	-109.49	-110.07	14.7
60544.22917	E10	-109.10	-111.89	15.6
60544.22917	E12	-109.66	-109.88	37.9
60544.22917	E19	-109.88	-109.80	56.3
60544.22917	E26	-108.68	-110.22	27.7
60544.23264	E07	-109.06	-109.77	13.5
60544.23264	E10	-110.61	-111.07	17.1
60544.23264	E12	-110.12	-109.92	39.2
60544.23264	E19	-110.51	-110.00	57.2
60544.23264	E26	-108.91	-109.12	25.8
60544.23264	E27	-108.72	-110.25	10.1
60544.23611	E07	-111.23	-109.49	12.1
60544.23611	E10	-109.24	-111.20	18.7
60544.23611	E12	-110.72	-110.68	40.7
60544.23611	E19	-110.84	-109.69	58.2
60544.23611	E26	-110.01	-109.92	23.9
60544.23611	E27	-110.00	-111.76	10.8
60544.23958	E07	-111.33	-110.94	10.9
60544.23958	E10	-109.22	-112.36	20.1
60544.23958	E12	-108.75	-110.93	41.9
60544.23958	E19	-110.76	-110.07	59.0
60544.23958	E26	-107.91	-110.06	22.0
60544.23958	E27	-109.70	-110.61	11.8
60544.24306	E07	-109.82	-112.16	10.2
60544.24306	E10	-107.05	-109.93	21.6
60544.24306	E12	-109.39	-110.21	43.1
60544.24306	E19	-109.30	-110.35	59.8
60544.24306	E26	-107.99	-110.32	20.2
60544.24306	E27	-109.87	-111.25	12.9
60544.24653	E10	-108.44	-109.82	23.0
60544.24653	E12	-109.70	-110.17	44.3
60544.24653	E19	-109.91	-109.83	60.5
60544.24653	E26	-108.91	-109.71	18.3
60544.24653	E27	-110.06	-110.83	13.9
60544.25000	E10	-108.59	-109.84	24.4
60544.25000	E12	-109.21	-110.15	45.3
60544.25000	E19	-109.18	-109.99	61.2
60544.25000	E26	-108.34	-109.43	16.5
60544.25000	E27	-109.46	-110.36	14.8
60544.25347	E10	-110.25	-110.29	25.7
60544.25347	E12	-110.30	-110.51	46.3
60544.25347	E19	-109.73	-110.02	61.8
60544.25347	E26	-109.39	-111.40	14.7
60544.25347	E27	-109.97	-110.35	15.8
60544.25694	E10	-109.72	-109.67	27.0
60544.25694	E12	-110.15	-110.51	47.2
60544.25694	E19	-109.40	-110.20	62.3
60544.25694	E26	-108.60	-110.36	13.0
60544.25694	E27	-109.59	-110.78	16.6
60544.26042	E10	-109.18	-110.91	28.3
60544.26042	E12	-109.36	-109.80	47.9
60544.26042	E19	-108.66	-110.19	62.8
60544.26042	E21	-109.43	-110.82	12.6
60544.26042	E26	-110.50	-110.49	11.2
60544.26042	E27	-109.97	-110.46	17.5
60544.26389	E10	-109.67	-109.88	29.5
60544.26389	E12	-108.28	-109.53	48.5
60544.26389	E19	-109.43	-110.29	63.2
60544.26389	E21	-109.43	-110.99	14.0
60544.26389	E26	-109.63	-107.77	10.2
60544.26389	E27	-110.07	-110.39	18.3
60544.26736	E10	-109.45	-110.46	30.6
60544.26736	E12	-109.88	-109.96	49.1
60544.26736	E19	-109.76	-110.80	63.6
60544.26736	E21	-108.88	-110.91	15.5
60544.26736	E27	-109.06	-110.51	19.0
60544.27083	E10	-108.53	-110.57	31.7
60544.27083	E12	-110.11	-110.12	49.4
60544.27083	E19	-109.96	-110.22	63.9
60544.27083	E21	-109.07	-110.30	16.9
60544.27083	E27	-109.82	-109.38	19.7
60544.27431	E10	-109.76	-111.40	32.7
60544.27431	E11	-111.34	-113.06	10.6
60544.27431	E12	-109.21	-109.97	49.7
60544.27431	E19	-109.96	-110.02	64.1
60544.27431	E21	-110.12	-110.41	18.4
60544.27431	E27	-109.44	-109.60	20.3
60544.27778	E10	-108.67	-110.73	33.7
60544.27778	E11	-109.83	-111.59	11.9
60544.27778	E12	-110.00	-109.78	49.8
60544.27778	E19	-109.52	-110.03	64.3
60544.27778	E21	-110.03	-109.96	19.8
60544.27778	E27	-109.79	-109.63	20.9
60544.28125	E04	-112.47	-109.29	19.1
60544.28125	E10	-108.44	-110.35	34.5
60544.28125	E11	-109.12	-112.15	13.1
60544.28125	E12	-109.88	-110.58	49.7
60544.28125	E19	-109.97	-110.06	64.5
60544.28125	E21	-109.75	-110.14	21.3
60544.28125	E27	-109.53	-110.00	21.4
60544.28472	E04	-111.72	-112.32	20.1
60544.28472	E10	-108.47	-109.62	35.3
60544.28472	E11	-110.35	-111.79	14.4
60544.28472	E12	-110.53	-110.35	49.6
60544.28472	E19	-109.54	-109.99	64.6
60544.28472	E21	-110.17	-110.33	22.8
60544.28472	E27	-109.76	-109.51	21.8
60544.28819	E04	-110.43	-109.78	21.1
60544.28819	E10	-110.01	-110.40	36.0
60544.28819	E11	-108.57	-110.63	15.6
60544.28819	E12	-109.78	-110.04	49.2
60544.28819	E19	-109.60	-110.44	64.6
60544.28819	E21	-109.30	-110.09	24.3
60544.28819	E27	-109.52	-110.49	22.2
60544.29167	E04	-110.60	-108.53	22.0
60544.29167	E10	-109.35	-110.20	36.6
60544.29167	E11	-109.28	-110.46	16.6
60544.29167	E12	-109.09	-109.81	48.8
60544.29167	E19	-109.55	-110.76	64.6
60544.29167	E21	-110.32	-109.84	25.7
60544.29167	E27	-109.20	-109.86	22.4
60544.29514	E04	-111.35	-109.98	23.0
60544.29514	E10	-109.52	-109.68	37.1
60544.29514	E11	-108.77	-111.18	17.7
60544.29514	E12	-109.85	-110.23	48.2
60544.29514	E19	-110.05	-110.73	64.5
60544.29514	E21	-109.81	-109.72	27.2
60544.29514	E27	-108.63	-110.16	22.6
60544.29861	E04	-110.59	-111.17	24.1
60544.29861	E10	-107.85	-109.67	37.5
60544.29861	E11	-109.12	-110.78	18.8
60544.29861	E12	-109.70	-110.41	47.5
60544.29861	E19	-109.79	-110.42	64.4
60544.29861	E21	-109.12	-109.88	28.7
60544.29861	E27	-108.91	-109.97	22.7
60544.30208	E04	-110.45	-110.91	25.1
60544.30208	E10	-108.29	-109.58	37.8
60544.30208	E11	-109.68	-111.05	19.8
60544.30208	E12	-109.65	-110.23	46.7
60544.30208	E19	-110.00	-110.45	64.3
60544.30208	E21	-110.08	-109.68	30.2
60544.30208	E27	-109.78	-109.80	22.8
60544.30556	E04	-110.90	-110.08	26.1
60544.30556	E10	-108.28	-110.77	38.0
60544.30556	E11	-109.35	-111.22	20.7
60544.30556	E12	-110.53	-110.23	45.7
60544.30556	E19	-109.92	-109.94	64.1
60544.30556	E21	-109.47	-110.07	31.6
60544.30556	E27	-110.15	-110.11	22.7
60544.30903	E04	-112.13	-110.54	27.1
60544.30903	E10	-109.85	-110.08	38.0
60544.30903	E11	-108.25	-109.06	21.6
60544.30903	E12	-109.16	-109.65	44.7
60544.30903	E19	-108.93	-110.31	63.9
60544.30903	E21	-109.92	-110.38	33.0
60544.30903	E27	-109.38	-109.77	22.6
60544.31250	E04	-110.29	-110.90	28.1
60544.31250	E10	-108.51	-109.79	38.0
60544.31250	E11	-109.70	-110.19	22.3
60544.31250	E12	-109.86	-109.48	43.6
60544.31250	E19	-109.76	-110.11	63.7
60544.31250	E21	-109.02	-109.91	34.4
60544.31250	E27	-109.38	-110.35	22.3
60544.31597	E04	-111.57	-109.59	29.1
60544.31597	E10	-108.20	-110.23	37.8
60544.31597	E11	-108.91	-110.46	23.0
60544.31597	E12	-110.69	-109.71	42.4
60544.31597	E19	-109.07	-110.21	63.4
60544.31597	E21	-109.98	-109.86	35.7
60544.31597	E27	-109.37	-110.42	22.0
60544.31944	E04	-110.27	-110.24	30.1
60544.31944	E10	-108.11	-109.81	37.5
60544.31944	E11	-108.21	-109.87	23.7
60544.31944	E12	-109.22	-110.61	41.1
60544.31944	E19	-109.43	-110.14	63.1
60544.31944	E21	-109.34	-110.02	37.0
60544.31944	E27	-109.04	-110.33	21.7
60544.32292	E04	-109.53	-110.55	31.2
60544.32292	E10	-109.07	-110.22	37.2
60544.32292	E11	-108.89	-110.49	24.2
60544.32292	E12	-110.17	-110.32	39.8
60544.32292	E19	-109.65	-110.09	62.7
60544.32292	E21	-108.76	-109.77	38.3
60544.32292	E27	-109.26	-110.17	21.2
60544.32639	E04	-110.87	-110.36	32.2
60544.32639	E10	-110.07	-110.64	36.7
60544.32639	E11	-108.47	-109.82	24.7
60544.32639	E12	-108.99	-109.72	38.4
60544.32639	E19	-109.18	-110.30	62.3
60544.32639	E21	-110.43	-110.04	39.5
60544.32639	E27	-109.39	-110.38	20.6
60544.32986	E04	-111.13	-110.85	33.2
60544.32986	E10	-111.03	-110.20	36.1
60544.32986	E11	-108.81	-109.40	25.1
60544.32986	E12	-109.98	-109.55	37.0
60544.32986	E19	-109.52	-109.86	61.9
60544.32986	E21	-108.52	-110.32	40.6
60544.32986	E27	-109.22	-110.27	20.0
60544.33333	E04	-108.96	-110.37	34.3
60544.33333	E10	-109.23	-109.91	35.4
60544.33333	E11	-109.91	-110.14	25.3
60544.33333	E12	-110.40	-109.77	35.5
60544.33333	E19	-109.89	-110.05	61.5
60544.33333	E21	-108.74	-110.59	41.6
60544.33333	E27	-109.75	-110.02	19.3
60544.33681	E04	-108.93	-110.00	35.3
60544.33681	E10	-108.07	-110.13	34.7
60544.33681	E11	-108.92	-109.65	25.5
60544.33681	E12	-110.31	-109.39	34.0
60544.33681	E19	-109.66	-109.92	61.1
60544.33681	E21	-109.98	-109.85	42.6
60544.33681	E27	-108.79	-110.99	18.6
60544.34028	E04	-110.70	-110.37	36.4
60544.34028	E10	-108.19	-110.14	33.8
60544.34028	E11	-109.27	-110.21	25.6
60544.34028	E12	-109.45	-109.83	32.5
60544.34028	E19	-109.99	-109.79	60.6
60544.34028	E21	-109.79	-109.72	43.5
60544.34028	E27	-109.64	-110.05	17.8
60544.34375	E04	-109.23	-110.22	37.5
60544.34375	E10	-110.15	-110.68	32.9
60544.34375	E11	-110.84	-110.60	25.7
60544.34375	E12	-109.09	-110.30	30.9
60544.34375	E19	-109.76	-110.30	60.1
60544.34375	E21	-108.88	-109.61	44.3
60544.34375	E27	-109.71	-110.92	16.9
60544.34722	E04	-110.05	-110.26	38.6
60544.34722	E10	-109.50	-109.65	31.9
60544.34722	E11	-109.45	-109.61	25.6
60544.34722	E12	-107.85	-110.59	29.4
60544.34722	E19	-109.44	-110.28	59.5
60544.34722	E21	-109.25	-110.42	45.0
60544.34722	E27	-109.72	-109.85	15.9
60544.35069	E04	-110.78	-110.17	39.7
60544.35069	E10	-108.85	-109.95	30.9
60544.35069	E11	-109.64	-110.07	25.4
60544.35069	E12	-110.49	-110.22	27.8
60544.35069	E19	-109.26	-110.13	59.0
60544.35069	E21	-109.31	-110.24	45.6
60544.35069	E27	-109.34	-110.49	14.9
60544.35417	E04	-109.17	-110.60	40.7
60544.35417	E10	-109.14	-109.81	29.8
60544.35417	E11	-108.77	-109.53	25.2
60544.35417	E12	-110.65	-110.26	26.3
60544.35417	E19	-109.47	-110.24	58.4
60544.35417	E21	-110.05	-110.26	46.0
60544.35417	E27	-109.07	-110.73	13.9
60544.35764	E04	-109.92	-110.66	41.9
60544.35764	E10	-109.16	-110.00	28.7
60544.35764	E11	-110.70	-110.03	24.8
60544.35764	E12	-109.94	-110.01	24.7
60544.35764	E19	-109.43	-110.00	57.8
60544.35764	E21	-109.27	-110.31	46.4
60544.35764	E27	-108.73	-110.96	12.8
60544.36111	E04	-109.90	-110.36	43.1
60544.36111	E10	-107.09	-109.73	27.4
60544.36111	E11	-109.83	-109.39	24.4
60544.36111	E12	-109.76	-110.68	23.0
60544.36111	E19	-108.65	-109.99	57.1
60544.36111	E21	-110.40	-110.01	46.6
60544.36111	E27	-108.97	-110.03	11.6
60544.36458	E04	-109.85	-109.88	44.2
60544.36458	E10	-109.79	-110.06	26.1
60544.36458	E11	-110.06	-109.71	23.9
60544.36458	E12	-109.02	-109.91	21.4
60544.36458	E19	-110.04	-110.03	56.5
60544.36458	E21	-110.00	-109.63	46.7
60544.36458	E27	-110.08	-109.72	10.5
60544.36806	E04	-109.36	-111.02	45.4
60544.36806	E10	-108.20	-110.00	24.9
60544.36806	E11	-109.33	-109.92	23.3
60544.36806	E12	-110.31	-110.37	19.9
60544.36806	E19	-109.75	-109.98	55.8
60544.36806	E21	-109.65	-110.23	46.7
60544.37153	E04	-109.54	-110.56	46.6
60544.37153	E10	-111.69	-109.78	23.5
60544.37153	E11	-108.94	-109.50	22.7
60544.37153	E12	-113.94	-110.56	18.3
60544.37153	E19	-109.50	-109.89	55.0
60544.37153	E21	-109.92	-110.32	46.6
60544.37500	E04	-109.61	-110.12	47.9
60544.37500	E10	-111.04	-111.32	22.2
60544.37500	E11	-109.17	-108.20	22.0
60544.37500	E19	-109.31	-109.75	54.3
60544.37500	E21	-110.14	-110.06	46.3
60544.37847	E04	-108.88	-110.04	49.1
60544.37847	E10	-107.90	-109.24	20.9
60544.37847	E11	-111.15	-109.62	21.2
60544.37847	E19	-109.54	-110.18	53.5
60544.37847	E21	-110.00	-110.42	45.9
60544.37847	E31	-108.87	-110.91	10.4
60544.38194	E04	-109.79	-110.43	50.4
60544.38194	E19	-109.73	-109.92	52.7
60544.38194	E21	-109.91	-110.23	45.4
60544.38194	E31	-109.73	-110.91	11.7
60544.38542	E04	-109.18	-110.14	51.7
60544.38542	E19	-109.71	-109.85	51.9
60544.38542	E21	-109.72	-110.33	44.7
60544.38542	E31	-111.10	-111.13	13.4
60544.38889	E04	-109.14	-110.21	53.0
60544.38889	E19	-109.32	-109.89	51.0
60544.38889	E21	-109.82	-110.15	44.0
60544.38889	E31	-111.02	-111.81	15.1
60544.39236	E04	-108.71	-110.19	54.3
60544.39236	E10	-112.39	-109.68	15.3
60544.39236	E19	-109.81	-109.80	50.1
60544.39236	E21	-110.39	-110.13	43.2
60544.39236	E31	-110.30	-110.68	16.9
60544.39583	E04	-110.04	-110.06	55.6
60544.39583	E09	-110.01	-111.05	11.3
60544.39583	E19	-109.40	-110.00	49.2
60544.39583	E21	-109.57	-110.04	42.2
60544.39583	E31	-111.09	-111.02	18.7
60544.39931	E04	-108.77	-110.34	57.0
60544.39931	E09	-106.61	-112.96	12.5
60544.39931	E19	-109.24	-109.92	48.3
60544.39931	E21	-109.31	-110.09	41.2
60544.39931	E31	-112.34	-111.56	20.5
60544.40278	E04	-110.03	-109.77	58.4
60544.40278	E19	-109.31	-109.88	47.3
60544.40278	E21	-110.01	-110.51	40.1
60544.40278	E31	-110.05	-110.41	22.3
60544.40625	E04	-109.78	-110.18	59.8
60544.40625	E19	-109.90	-110.07	46.3
60544.40625	E21	-110.23	-110.32	39.0
60544.40625	E31	-111.13	-110.19	24.1
60544.40972	E04	-109.73	-110.17	61.3
60544.40972	E09	-107.79	-110.49	16.2
60544.40972	E19	-109.07	-110.54	45.2
60544.40972	E21	-109.60	-110.28	37.8
60544.40972	E31	-109.85	-109.61	26.0
60544.41319	E04	-109.62	-110.32	62.7
60544.41319	E09	-108.81	-109.62	17.4
60544.41319	E19	-109.24	-109.97	44.2
60544.41319	E21	-109.72	-110.03	36.5
60544.41319	E31	-110.30	-110.19	27.8
60544.41667	E04	-110.14	-110.28	64.1
60544.41667	E09	-108.60	-109.54	18.7
60544.41667	E19	-110.89	-109.63	43.2
60544.41667	E21	-109.46	-110.15	35.3
60544.41667	E31	-111.61	-109.94	29.6
60544.42014	E04	-109.90	-109.91	65.6
60544.42014	E09	-110.39	-110.73	20.0
60544.42014	E19	-109.32	-110.53	42.0
60544.42014	E21	-109.00	-110.52	33.9
60544.42014	E31	-110.38	-110.26	31.5
60544.42361	E04	-109.39	-109.98	67.2
60544.42361	E09	-108.51	-110.01	21.4
60544.42361	E19	-108.79	-110.86	40.8
60544.42361	E21	-110.51	-110.25	32.4
60544.42361	E31	-109.85	-110.22	33.5
60544.42708	E04	-110.10	-110.03	68.7
60544.42708	E09	-108.93	-111.35	22.8
60544.42708	E19	-109.41	-110.11	39.7
60544.42708	E21	-109.44	-110.78	31.0
60544.42708	E31	-109.92	-110.14	35.4
60544.43056	E04	-109.48	-110.41	70.2
60544.43056	E09	-108.58	-110.02	24.2
60544.43056	E19	-109.34	-109.90	38.5
60544.43056	E21	-109.47	-110.60	29.6
60544.43056	E31	-109.76	-110.20	37.4
60544.43403	E04	-108.64	-110.41	71.7
60544.43403	E09	-108.83	-111.31	25.6
60544.43403	E19	-108.47	-110.92	37.3
60544.43403	E21	-109.27	-110.30	28.1
60544.43403	E31	-110.06	-110.28	39.3
60544.43750	E04	-108.82	-109.83	73.2
60544.43750	E09	-108.76	-111.54	27.0
60544.43750	E19	-109.73	-110.72	36.0
60544.43750	E21	-109.97	-109.96	26.6
60544.43750	E31	-109.72	-110.46	41.3
60544.44097	E04	-109.20	-109.81	74.7
60544.44097	E09	-109.48	-110.33	28.5
60544.44097	E19	-109.20	-110.61	34.8
60544.44097	E21	-109.91	-109.77	25.1
60544.44097	E31	-110.59	-110.34	43.2
60544.44444	E04	-109.28	-110.12	76.2
60544.44444	E09	-109.67	-110.32	29.9
60544.44444	E19	-109.90	-110.53	33.5
60544.44444	E21	-109.80	-110.51	23.6
60544.44444	E31	-110.18	-110.06	45.2
60544.44792	E04	-109.08	-110.16	77.6
60544.44792	E09	-109.36	-111.28	31.4
60544.44792	E19	-110.13	-110.91	32.2
60544.44792	E21	-108.91	-110.10	22.0
60544.44792	E31	-110.34	-110.36	47.1
60544.45139	E04	-109.54	-110.22	78.9
60544.45139	E09	-109.59	-110.01	33.0
60544.45139	E19	-109.48	-109.88	30.9
60544.45139	E21	-109.43	-110.12	20.5
60544.45139	E31	-110.47	-109.67	49.1
60544.45486	E04	-109.64	-110.09	80.1
60544.45486	E09	-108.43	-109.85	34.5
60544.45486	E19	-109.83	-110.21	29.5
60544.45486	E21	-109.40	-110.68	19.0
60544.45486	E31	-109.50	-109.62	51.0
60544.45833	E04	-109.53	-110.22	81.1
60544.45833	E09	-108.87	-110.46	36.1
60544.45833	E19	-109.55	-110.31	28.2
60544.45833	E21	-109.90	-109.48	17.5
60544.45833	E31	-109.74	-109.81	53.0
60544.46181	E04	-108.71	-110.03	81.8
60544.46181	E09	-108.79	-110.02	37.7
60544.46181	E19	-109.22	-110.48	26.8
60544.46181	E21	-108.46	-109.63	15.9
60544.46181	E31	-110.08	-110.00	54.9
60544.46528	E04	-109.27	-110.30	82.1
60544.46528	E09	-110.13	-110.33	39.3
60544.46528	E19	-109.96	-110.17	25.4
60544.46528	E21	-109.53	-109.96	14.4
60544.46528	E31	-110.28	-110.21	56.9
60544.46875	E04	-108.69	-110.17	82.0
60544.46875	E09	-109.45	-110.27	40.9
60544.46875	E19	-109.43	-110.60	24.0
60544.46875	E21	-108.76	-109.02	12.9
60544.46875	E31	-110.75	-110.37	58.8
60544.47222	E04	-109.12	-110.17	81.5
60544.47222	E09	-109.57	-109.87	42.6
60544.47222	E19	-109.74	-110.61	22.5
60544.47222	E21	-108.77	-109.47	11.4
60544.47222	E31	-109.77	-110.29	60.7
60544.47569	E04	-108.81	-109.97	80.6
60544.47569	E09	-109.62	-110.18	44.3
60544.47569	E19	-109.65	-110.57	21.1
60544.47569	E21	-109.15	-111.01	10.3
60544.47569	E31	-109.94	-110.22	62.6
60544.47917	E04	-109.07	-110.05	79.4
60544.47917	E09	-110.09	-109.74	45.9
60544.47917	E19	-109.93	-110.19	19.7
60544.47917	E31	-109.62	-110.12	64.4
60544.48264	E04	-109.33	-110.31	78.0
60544.48264	E09	-110.18	-110.34	47.6
60544.48264	E19	-109.10	-109.83	18.3
60544.48264	E31	-108.95	-109.93	66.2
60544.48611	E04	-109.53	-110.26	76.4
60544.48611	E09	-109.25	-110.16	49.3
60544.48611	E19	-109.66	-109.92	16.7
60544.48611	E31	-109.12	-109.71	68.1
60544.48958	E04	-108.66	-110.17	74.7
60544.48958	E09	-110.33	-110.52	51.1
60544.48958	E19	-107.71	-109.20	15.3
60544.48958	E24	-110.61	-113.11	18.0
60544.48958	E31	-108.31	-110.11	69.9
60544.49306	E04	-108.96	-110.23	73.0
60544.49306	E09	-109.02	-110.61	52.8
60544.49306	E19	-109.44	-110.23	13.8
60544.49306	E24	-109.53	-111.60	19.5
60544.49306	E31	-108.55	-109.88	71.6
60544.49653	E04	-109.32	-110.04	71.2
60544.49653	E09	-109.85	-110.23	54.5
60544.49653	E19	-110.75	-109.98	12.3
60544.49653	E24	-109.76	-111.12	21.0
60544.49653	E31	-108.87	-110.11	73.2
60544.50000	E04	-109.27	-110.62	69.3
60544.50000	E09	-109.98	-110.14	56.2
60544.50000	E24	-109.23	-111.37	22.5
60544.50000	E31	-109.46	-110.01	74.8
60544.50347	E04	-108.63	-110.39	67.4
60544.50347	E09	-108.77	-110.79	57.9
60544.50347	E24	-109.55	-110.70	23.9
60544.50347	E31	-108.49	-109.87	76.2
60544.50694	E04	-109.37	-110.50	65.5
60544.50694	E09	-109.73	-110.47	59.6
60544.50694	E24	-109.38	-111.31	25.4
60544.50694	E31	-108.36	-110.14	77.5
60544.51042	E04	-109.92	-110.46	63.6
60544.51042	E09	-108.87	-110.30	61.3
60544.51042	E24	-109.01	-111.31	26.8
60544.51042	E31	-109.09	-110.25	78.6
60544.51389	E04	-109.34	-110.19	61.6
60544.51389	E05	-109.49	-110.46	10.7
60544.51389	E09	-109.25	-110.81	62.9
60544.51389	E24	-109.33	-111.08	28.3
60544.51389	E31	-109.34	-109.93	79.5
60544.51736	E04	-109.22	-110.04	59.7
60544.51736	E05	-112.39	-111.38	12.1
60544.51736	E09	-108.80	-110.61	64.4
60544.51736	E24	-109.84	-109.93	29.7
60544.51736	E31	-109.34	-109.98	80.0
60544.52083	E04	-108.65	-110.34	57.7
60544.52083	E05	-112.21	-110.72	13.7
60544.52083	E09	-109.13	-111.08	65.9
60544.52083	E24	-108.65	-110.48	31.1
60544.52083	E31	-109.37	-110.01	80.3
60544.52431	E04	-110.17	-110.02	55.7
60544.52431	E05	-111.56	-110.85	15.1
60544.52431	E09	-108.80	-111.16	67.3
60544.52431	E24	-109.10	-110.61	32.5
60544.52431	E31	-109.34	-110.17	80.2
60544.52778	E04	-109.21	-109.94	53.7
60544.52778	E05	-109.85	-110.82	16.7
60544.52778	E09	-108.99	-110.82	68.6
60544.52778	E24	-109.27	-111.03	33.9
60544.52778	E31	-109.18	-110.19	79.7
60544.53125	E04	-109.76	-110.22	51.7
60544.53125	E05	-108.77	-110.37	18.2
60544.53125	E09	-108.89	-110.76	69.8
60544.53125	E24	-109.27	-110.99	35.2
60544.53125	E31	-109.42	-110.15	79.0
60544.53472	E04	-109.04	-110.25	49.8
60544.53472	E05	-109.89	-111.95	19.7
60544.53472	E09	-108.64	-110.85	70.8
60544.53472	E24	-109.53	-110.45	36.5
60544.53472	E31	-108.83	-110.14	78.0
60544.53819	E04	-109.17	-110.16	47.8
60544.53819	E05	-110.26	-110.06	21.2
60544.53819	E09	-108.97	-110.66	71.5
60544.53819	E24	-109.77	-109.76	37.8
60544.53819	E31	-109.42	-110.13	77.0
60544.54167	E04	-109.68	-110.40	45.9
60544.54167	E05	-111.39	-110.41	22.6
60544.54167	E09	-109.02	-110.18	72.1
60544.54167	E24	-109.32	-109.46	39.1
60544.54167	E31	-108.77	-109.94	75.8
60544.54514	E04	-109.77	-110.05	43.9
60544.54514	E05	-108.78	-109.63	24.1
60544.54514	E09	-108.79	-110.41	72.3
60544.54514	E24	-109.27	-110.01	40.3
60544.54514	E31	-108.40	-110.15	74.5
60544.54861	E04	-110.29	-110.70	41.8
60544.54861	E05	-110.75	-110.11	25.7
60544.54861	E09	-108.09	-110.63	72.3
60544.54861	E24	-109.27	-110.48	41.6
60544.54861	E31	-108.76	-110.14	73.1
60544.55208	E04	-110.27	-110.23	39.9
60544.55208	E05	-110.10	-110.58	27.2
60544.55208	E09	-109.04	-110.24	72.0
60544.55208	E24	-110.17	-109.81	42.8
60544.55208	E31	-108.12	-110.53	71.7
60544.55556	E04	-108.95	-110.14	37.9
60544.55556	E05	-109.72	-110.84	28.6
60544.55556	E09	-108.81	-110.13	71.5
60544.55556	E24	-109.12	-110.12	44.0
60544.55556	E31	-109.08	-109.89	70.3
60544.55903	E04	-109.86	-110.60	35.9
60544.55903	E05	-110.80	-110.29	30.0
60544.55903	E09	-109.36	-110.30	70.7
60544.55903	E24	-109.08	-110.39	45.1
60544.55903	E31	-109.33	-110.27	68.9
60544.56250	E04	-108.89	-109.91	34.0
60544.56250	E05	-108.75	-110.94	31.4
60544.56250	E09	-108.96	-109.87	69.6
60544.56250	E24	-110.07	-109.84	46.3
60544.56250	E31	-109.39	-110.04	67.5
60544.56597	E04	-109.30	-109.55	32.1
60544.56597	E05	-109.71	-110.52	32.8
60544.56597	E09	-109.36	-110.08	68.4
60544.56597	E24	-110.12	-110.31	47.3
60544.56597	E31	-109.75	-110.25	66.1
60544.56944	E04	-109.22	-110.18	30.2
60544.56944	E05	-109.94	-109.87	34.1
60544.56944	E09	-108.52	-110.17	67.0
60544.56944	E24	-109.35	-110.04	48.4
60544.56944	E31	-109.23	-110.42	64.7
60544.57292	E04	-108.72	-110.01	28.3
60544.57292	E05	-109.95	-110.18	35.4
60544.57292	E09	-108.43	-110.65	65.5
60544.57292	E24	-109.61	-110.06	49.4
60544.57292	E31	-108.99	-110.43	63.3
60544.57639	E04	-109.64	-109.61	26.4
60544.57639	E05	-110.02	-110.90	36.6
60544.57639	E09	-108.23	-110.00	63.9
60544.57639	E24	-109.62	-110.59	50.4
60544.57639	E31	-109.73	-109.81	61.9
60544.57986	E04	-109.18	-110.14	24.5
60544.57986	E05	-108.21	-110.75	37.8
60544.57986	E09	-109.28	-109.99	62.2
60544.57986	E24	-109.45	-110.43	51.4
60544.57986	E31	-109.76	-110.23	60.5
60544.58333	E04	-108.47	-110.01	22.7
60544.58333	E05	-110.00	-110.35	38.9
60544.58333	E09	-109.51	-110.10	60.4
60544.58333	E24	-109.34	-109.82	52.3
60544.58333	E31	-109.22	-109.86	59.2
60544.58681	E04	-109.64	-111.00	20.9
60544.58681	E05	-110.83	-110.03	39.9
60544.58681	E09	-109.48	-110.51	58.6
60544.58681	E24	-109.41	-110.37	53.2
60544.58681	E31	-109.19	-110.37	57.8
60544.59028	E04	-109.34	-109.88	19.1
60544.59028	E05	-109.28	-109.91	40.9
60544.59028	E09	-109.07	-110.50	56.7
60544.59028	E24	-109.57	-110.10	54.1
60544.59028	E31	-109.20	-109.97	56.5
60544.59375	E04	-109.00	-110.55	17.3
60544.59375	E05	-109.31	-110.00	41.8
60544.59375	E09	-109.63	-110.62	54.8
60544.59375	E24	-110.01	-110.10	54.9
60544.59375	E31	-109.73	-109.79	55.2
60544.59722	E04	-108.92	-110.69	15.5
60544.59722	E05	-109.72	-110.43	42.6
60544.59722	E09	-108.98	-110.19	52.9
60544.59722	E24	-109.10	-110.06	55.7
60544.59722	E31	-109.66	-110.37	53.9
60544.60069	E04	-109.59	-111.39	13.8
60544.60069	E05	-110.31	-110.12	43.2
60544.60069	E09	-109.23	-110.49	50.9
60544.60069	E12	-110.17	-110.89	13.0
60544.60069	E24	-109.31	-110.11	56.4
60544.60069	E31	-109.51	-110.03	52.7
60544.60417	E04	-110.32	-110.86	12.1
60544.60417	E05	-110.19	-110.24	43.8
60544.60417	E09	-109.80	-110.68	49.0
60544.60417	E12	-109.61	-110.88	14.5
60544.60417	E24	-109.41	-109.76	57.1
60544.60417	E31	-109.61	-110.10	51.5
60544.60764	E04	-109.04	-109.83	10.7
60544.60764	E05	-109.70	-109.88	44.3
60544.60764	E09	-108.94	-110.26	47.1
60544.60764	E12	-109.76	-110.03	16.0
60544.60764	E24	-109.35	-110.52	57.8
60544.60764	E31	-110.06	-110.10	50.3
60544.61111	E05	-108.65	-109.95	44.6
60544.61111	E09	-109.37	-110.42	45.0
60544.61111	E12	-110.06	-110.92	17.7
60544.61111	E24	-109.26	-110.03	58.5
60544.61111	E31	-109.99	-110.13	49.0
60544.61458	E05	-108.79	-109.46	44.9
60544.61458	E09	-108.91	-110.35	43.1
60544.61458	E12	-109.51	-110.52	19.2
60544.61458	E24	-109.81	-110.29	59.1
60544.61458	E31	-110.20	-110.23	47.8
60544.61806	E05	-110.09	-110.08	45.0
60544.61806	E09	-109.49	-110.99	41.1
60544.61806	E12	-109.44	-110.82	20.8
60544.61806	E24	-109.56	-109.93	59.7
60544.61806	E31	-110.17	-110.25	46.6
60544.62153	E03	-110.49	-108.93	10.5
60544.62153	E05	-108.65	-110.21	45.0
60544.62153	E09	-110.53	-110.14	39.1
60544.62153	E10	-108.01	-110.38	12.4
60544.62153	E12	-109.49	-110.92	22.4
60544.62153	E24	-109.19	-110.29	60.2
60544.62153	E31	-109.35	-109.99	45.5
60544.62500	E03	-109.63	-108.56	11.6
60544.62500	E05	-108.80	-110.24	44.9
60544.62500	E09	-109.60	-109.62	37.2
60544.62500	E10	-107.88	-110.60	14.0
60544.62500	E12	-110.18	-110.29	24.1
60544.62500	E24	-109.55	-110.22	60.7
60544.62500	E31	-109.58	-110.43	44.3
60544.62847	E03	-111.63	-111.06	12.7
60544.62847	E05	-109.19	-109.76	44.6
60544.62847	E09	-109.60	-110.02	35.3
60544.62847	E10	-109.57	-110.77	15.6
60544.62847	E12	-110.19	-110.29	25.7
60544.62847	E24	-109.81	-109.91	61.2
60544.62847	E31	-109.81	-110.21	43.2
60544.63194	E03	-110.63	-109.52	13.8
60544.63194	E05	-109.03	-109.86	44.3
60544.63194	E09	-108.98	-110.15	33.4
60544.63194	E10	-107.96	-110.84	17.3
60544.63194	E12	-110.23	-109.87	27.3
60544.63194	E24	-109.81	-110.13	61.6
60544.63194	E25	-108.23	-112.42	20.2
60544.63194	E31	-109.64	-110.05	42.1
60544.63542	E03	-111.58	-109.94	14.8
60544.63542	E05	-109.90	-109.90	43.8
60544.63542	E09	-109.88	-110.30	31.5
60544.63542	E10	-108.98	-110.14	19.0
60544.63542	E12	-109.94	-109.72	28.9
60544.63542	E24	-109.38	-110.25	62.1
60544.63542	E25	-108.67	-109.53	21.2
60544.63542	E31	-109.71	-110.26	41.0
60544.63889	E03	-110.40	-109.45	15.7
60544.63889	E05	-110.54	-109.85	43.2
60544.63889	E09	-109.79	-110.15	29.6
60544.63889	E10	-109.23	-110.58	20.7
60544.63889	E12	-109.82	-109.82	30.5
60544.63889	E24	-109.96	-110.16	62.4
60544.63889	E25	-109.04	-108.77	22.2
60544.63889	E31	-110.09	-110.37	39.9
60544.64236	E03	-109.89	-109.96	16.6
60544.64236	E05	-109.80	-109.69	42.5
60544.64236	E09	-109.50	-110.24	27.7
60544.64236	E10	-108.91	-110.70	22.4
60544.64236	E12	-108.98	-110.70	32.1
60544.64236	E24	-110.03	-110.62	62.8
60544.64236	E25	-108.99	-109.58	23.2
60544.64236	E31	-109.37	-110.49	38.9
60544.64583	E03	-110.36	-109.87	17.4
60544.64583	E05	-109.59	-110.86	41.7
60544.64583	E09	-109.09	-109.44	25.9
60544.64583	E10	-108.75	-110.27	24.2
60544.64583	E12	-109.60	-110.52	33.7
60544.64583	E24	-110.20	-110.41	63.1
60544.64583	E25	-108.52	-109.57	24.2
60544.64583	E31	-109.47	-110.19	37.8
60544.64931	E03	-110.52	-110.59	18.2
60544.64931	E05	-110.01	-111.10	40.8
60544.64931	E09	-110.37	-110.15	24.1
60544.64931	E10	-109.86	-109.94	26.0
60544.64931	E11	-110.22	-109.85	10.4
60544.64931	E12	-109.12	-110.16	35.3
60544.64931	E24	-109.78	-110.43	63.4
60544.64931	E25	-108.49	-109.28	25.2
60544.64931	E31	-109.79	-110.54	36.8
60544.65278	E03	-108.75	-109.80	18.9
60544.65278	E05	-110.08	-110.60	39.9
60544.65278	E09	-110.02	-109.61	22.3
60544.65278	E10	-109.16	-110.52	27.8
60544.65278	E11	-109.18	-110.68	11.8
60544.65278	E12	-109.67	-110.05	36.8
60544.65278	E24	-110.50	-110.37	63.6
60544.65278	E25	-109.25	-110.27	26.2
60544.65278	E31	-109.33	-110.18	35.7
60544.65625	E03	-109.69	-110.28	19.5
60544.65625	E05	-110.00	-110.95	38.8
60544.65625	E09	-110.26	-110.34	20.6
60544.65625	E10	-109.59	-110.56	29.6
60544.65625	E11	-109.91	-110.23	13.5
60544.65625	E12	-109.35	-109.86	38.3
60544.65625	E24	-109.87	-110.20	63.8
60544.65625	E25	-109.22	-110.18	27.2
60544.65625	E31	-110.41	-110.10	34.7
60544.65972	E03	-110.47	-110.20	20.1
60544.65972	E05	-108.93	-110.28	37.7
60544.65972	E09	-109.64	-110.25	18.8
60544.65972	E10	-110.20	-110.24	31.5
60544.65972	E11	-108.79	-110.57	15.2
60544.65972	E12	-110.29	-110.19	39.8
60544.65972	E24	-109.84	-110.35	64.0
60544.65972	E25	-109.24	-109.72	28.2
60544.65972	E31	-109.39	-110.13	33.7
60544.66319	E03	-108.86	-110.66	20.5
60544.66319	E05	-110.65	-110.45	36.6
60544.66319	E09	-110.13	-109.43	17.1
60544.66319	E10	-109.23	-110.37	33.3
60544.66319	E11	-109.31	-110.55	17.0
60544.66319	E12	-108.49	-110.77	41.2
60544.66319	E24	-110.37	-109.88	64.1
60544.66319	E25	-108.99	-110.56	29.3
60544.66319	E31	-109.63	-110.68	32.7
60544.66667	E03	-109.83	-110.27	20.9
60544.66667	E05	-108.81	-110.65	35.4
60544.66667	E09	-110.11	-109.58	15.5
60544.66667	E10	-109.06	-109.91	35.1
60544.66667	E11	-109.59	-110.82	18.7
60544.66667	E12	-109.97	-110.21	42.5
60544.66667	E24	-109.09	-110.26	64.2
60544.66667	E25	-108.23	-110.39	30.3
60544.66667	E31	-109.66	-109.82	31.7
60544.67014	E03	-109.27	-110.97	21.2
60544.67014	E05	-108.67	-110.27	34.1
60544.67014	E09	-110.76	-110.28	13.9
60544.67014	E10	-109.78	-110.45	36.9
60544.67014	E11	-109.52	-110.75	20.5
60544.67014	E12	-109.41	-109.69	43.8
60544.67014	E24	-109.66	-110.04	64.3
60544.67014	E25	-108.93	-110.27	31.3
60544.67014	E31	-109.95	-110.22	30.7
60544.67361	E03	-109.19	-110.37	21.5
60544.67361	E05	-109.34	-110.01	32.8
60544.67361	E09	-110.80	-109.90	12.2
60544.67361	E10	-109.47	-110.10	38.9
60544.67361	E11	-109.57	-109.87	22.4
60544.67361	E12	-109.22	-110.17	45.1
60544.67361	E24	-109.59	-110.17	64.3
60544.67361	E25	-110.59	-110.40	32.4
60544.67361	E31	-109.97	-110.22	29.7
60544.67708	E03	-110.04	-110.26	21.7
60544.67708	E05	-108.76	-110.05	31.4
60544.67708	E09	-108.68	-109.71	10.7
60544.67708	E10	-109.29	-110.72	40.8
60544.67708	E11	-109.31	-109.57	24.3
60544.67708	E12	-109.66	-110.42	46.3
60544.67708	E24	-109.10	-109.77	64.3
60544.67708	E25	-110.31	-110.23	33.5
60544.67708	E31	-110.08	-110.22	28.7
60544.68056	E03	-109.68	-110.27	21.7
60544.68056	E05	-109.05	-109.88	30.0
60544.68056	E10	-109.77	-109.91	42.6
60544.68056	E11	-109.80	-109.66	26.2
60544.68056	E12	-109.81	-110.69	47.4
60544.68056	E24	-109.21	-110.35	64.2
60544.68056	E25	-108.08	-109.61	34.6
60544.68056	E31	-109.39	-110.18	27.7
60544.68403	E03	-109.19	-109.80	21.7
60544.68403	E05	-110.40	-110.03	28.6
60544.68403	E10	-108.99	-110.20	44.5
60544.68403	E11	-108.60	-110.15	28.1
60544.68403	E12	-108.69	-110.09	48.3
60544.68403	E24	-109.91	-110.28	64.2
60544.68403	E25	-110.43	-110.36	35.7
60544.68403	E31	-108.85	-110.29	26.7
60544.68750	E03	-109.22	-110.72	21.6
60544.68750	E05	-109.50	-110.20	27.2
60544.68750	E10	-109.96	-110.16	46.3
60544.68750	E11	-109.00	-110.21	30.0
60544.68750	E12	-109.45	-110.20	49.2
60544.68750	E24	-109.60	-110.32	64.0
60544.68750	E25	-110.02	-109.77	36.8
60544.68750	E31	-109.36	-110.16	25.7
60544.69097	E03	-109.74	-110.75	21.5
60544.69097	E05	-109.64	-110.09	25.8
60544.69097	E10	-109.21	-109.86	48.1
60544.69097	E11	-109.08	-110.58	32.0
60544.69097	E12	-108.99	-110.49	49.9
60544.69097	E24	-109.45	-110.00	63.8
60544.69097	E25	-109.02	-110.44	38.0
60544.69097	E31	-108.94	-110.01	24.7
60544.69444	E03	-109.60	-110.54	21.2
60544.69444	E05	-108.77	-109.22	24.3
60544.69444	E10	-109.46	-110.30	49.8
60544.69444	E11	-109.40	-109.70	34.0
60544.69444	E12	-109.77	-110.49	50.5
60544.69444	E24	-110.07	-110.54	63.6
60544.69444	E25	-109.92	-109.99	39.1
60544.69444	E31	-109.83	-110.46	23.7
60544.69792	E03	-109.13	-110.30	20.9
60544.69792	E05	-109.80	-109.71	22.9
60544.69792	E10	-110.18	-110.50	51.6
60544.69792	E11	-110.76	-110.71	36.0
60544.69792	E12	-110.42	-110.50	51.0
60544.69792	E24	-109.57	-110.18	63.3
60544.69792	E25	-109.54	-109.83	40.3
60544.69792	E31	-110.22	-110.53	22.6
60544.70139	E03	-109.93	-109.90	20.5
60544.70139	E05	-109.76	-109.76	21.4
60544.70139	E10	-109.48	-109.84	53.3
60544.70139	E11	-108.95	-109.91	38.0
60544.70139	E12	-109.68	-110.35	51.3
60544.70139	E24	-109.54	-110.35	63.0
60544.70139	E25	-109.39	-110.33	41.5
60544.70139	E31	-108.98	-110.68	21.6
60544.70486	E03	-109.52	-109.80	20.1
60544.70486	E05	-112.02	-111.31	20.0
60544.70486	E10	-110.41	-109.98	54.9
60544.70486	E11	-110.15	-109.95	40.1
60544.70486	E12	-109.84	-110.32	51.5
60544.70486	E24	-109.65	-110.30	62.6
60544.70486	E25	-109.76	-109.48	42.7
60544.70486	E31	-109.65	-110.15	20.6
60544.70833	E03	-111.06	-111.04	19.5
60544.70833	E05	-108.91	-110.71	18.6
60544.70833	E10	-109.31	-110.24	56.4
60544.70833	E11	-109.16	-110.08	42.1
60544.70833	E12	-109.77	-110.22	51.6
60544.70833	E24	-109.75	-110.20	62.2
60544.70833	E25	-109.98	-109.73	43.9
60544.70833	E31	-109.32	-110.22	19.6
60544.71181	E10	-108.82	-109.79	57.9
60544.71181	E11	-109.16	-109.94	44.2
60544.71181	E12	-109.72	-110.37	51.5
60544.71181	E24	-109.33	-109.60	61.8
60544.71181	E25	-108.42	-110.52	45.2
60544.71181	E31	-108.93	-110.73	18.6
60544.71528	E10	-109.21	-109.98	59.2
60544.71528	E11	-109.93	-110.25	46.3
60544.71528	E12	-109.49	-110.42	51.2
60544.71528	E24	-108.87	-109.75	61.2
60544.71528	E25	-109.77	-110.37	46.4
60544.71528	E31	-109.24	-110.44	17.5
60544.71875	E10	-109.60	-110.05	60.4
60544.71875	E11	-109.12	-109.70	48.4
60544.71875	E12	-110.06	-110.20	50.8
60544.71875	E24	-109.35	-110.08	60.7
60544.71875	E25	-109.68	-110.09	47.7
60544.71875	E31	-108.61	-109.99	16.5
60544.72222	E10	-109.32	-109.92	61.5
60544.72222	E11	-109.76	-110.22	50.5
60544.72222	E12	-110.22	-110.01	50.3
60544.72222	E24	-109.84	-110.23	60.1
60544.72222	E25	-109.39	-109.94	49.0
60544.72222	E31	-109.75	-109.76	15.4
60544.72569	E03	-114.64	-111.49	16.0
60544.72569	E10	-109.00	-109.77	62.5
60544.72569	E11	-108.88	-110.36	52.6
60544.72569	E12	-109.79	-110.28	49.7
60544.72569	E24	-109.65	-109.82	59.4
60544.72569	E25	-110.54	-110.27	50.4
60544.72569	E31	-108.54	-110.03	14.4
60544.72917	E10	-109.28	-110.01	63.2
60544.72917	E11	-109.28	-110.74	54.6
60544.72917	E12	-109.63	-110.17	48.9
60544.72917	E24	-109.39	-109.88	58.7
60544.72917	E25	-109.85	-110.19	51.7
60544.72917	E31	-109.44	-110.59	13.3
60544.73264	E03	-111.22	-111.24	14.2
60544.73264	E10	-109.82	-109.76	63.8
60544.73264	E11	-108.78	-110.52	56.7
60544.73264	E12	-110.12	-110.21	48.0
60544.73264	E24	-109.31	-109.94	58.0
60544.73264	E25	-109.92	-110.09	53.0
60544.73264	E31	-109.73	-110.32	12.3
60544.73611	E10	-109.34	-109.72	64.2
60544.73611	E11	-109.52	-110.39	58.9
60544.73611	E12	-110.18	-110.31	47.0
60544.73611	E24	-109.29	-109.85	57.1
60544.73611	E25	-110.01	-109.95	54.5
60544.73611	E31	-109.27	-110.48	11.1
60544.73958	E10	-109.24	-109.98	64.3
60544.73958	E11	-109.53	-110.41	61.0
60544.73958	E12	-109.03	-110.22	45.9
60544.73958	E24	-109.67	-110.03	56.3
60544.73958	E25	-110.21	-110.54	55.9
60544.73958	E31	-110.25	-109.56	10.3
60544.74306	E02	-110.14	-110.16	10.7
60544.74306	E10	-109.46	-110.02	64.3
60544.74306	E11	-109.10	-110.46	63.1
60544.74306	E12	-109.44	-110.38	44.7
60544.74306	E24	-109.74	-110.00	55.4
60544.74306	E25	-109.27	-109.99	57.4
60544.74653	E02	-112.82	-110.81	12.0
60544.74653	E10	-109.23	-110.07	64.0
60544.74653	E11	-110.10	-110.32	65.1
60544.74653	E12	-109.87	-110.54	43.5
60544.74653	E24	-109.33	-109.99	54.4
60544.74653	E25	-110.82	-109.97	58.9
60544.75000	E10	-108.72	-110.02	63.6
60544.75000	E11	-109.28	-110.23	67.1
60544.75000	E12	-109.22	-110.24	42.2
60544.75000	E24	-109.32	-110.02	53.5
60544.75000	E25	-109.57	-110.21	60.4
60544.75347	E02	-110.53	-109.53	14.5
60544.75347	E10	-109.81	-110.11	62.9
60544.75347	E11	-109.04	-109.93	69.1
60544.75347	E12	-109.76	-110.07	40.8
60544.75347	E24	-109.65	-109.72	52.4
60544.75347	E25	-110.56	-110.41	61.9
60544.75694	E02	-110.37	-110.65	15.8
60544.75694	E10	-109.18	-109.99	62.1
60544.75694	E11	-109.13	-110.35	70.9
60544.75694	E12	-110.02	-110.28	39.4
60544.75694	E24	-109.95	-109.93	51.4
60544.75694	E25	-110.06	-110.49	63.5
60544.76042	E02	-110.10	-110.09	17.1
60544.76042	E10	-108.98	-110.16	61.1
60544.76042	E11	-109.29	-110.23	72.7
60544.76042	E12	-108.80	-110.66	38.0
60544.76042	E24	-110.21	-110.07	50.3
60544.76042	E25	-109.67	-109.94	65.0
60544.76389	E02	-109.57	-108.03	18.5
60544.76389	E10	-109.54	-110.19	60.0
60544.76389	E11	-108.84	-110.24	74.4
60544.76389	E12	-109.55	-110.55	36.5
60544.76389	E24	-109.70	-109.49	49.1
60544.76389	E25	-110.05	-110.32	66.6
60544.76736	E02	-109.42	-110.95	19.8
60544.76736	E10	-109.60	-110.30	58.8
60544.76736	E11	-109.13	-110.43	75.9
60544.76736	E12	-110.12	-110.35	35.0
60544.76736	E24	-109.71	-109.94	47.9
60544.76736	E25	-109.35	-110.36	68.2
60544.77083	E02	-108.98	-111.22	21.2
60544.77083	E10	-108.86	-110.17	57.4
60544.77083	E11	-109.30	-110.19	77.1
60544.77083	E12	-109.73	-110.45	33.4
60544.77083	E24	-110.19	-110.13	46.7
60544.77083	E25	-109.12	-109.93	69.8
60544.77431	E02	-110.78	-110.49	22.6
60544.77431	E10	-109.45	-110.12	56.0
60544.77431	E11	-109.43	-110.30	78.1
60544.77431	E12	-109.94	-110.06	31.9
60544.77431	E24	-109.67	-110.30	45.5
60544.77431	E25	-109.09	-110.49	71.5
60544.77778	E02	-109.28	-110.21	24.1
60544.77778	E10	-109.75	-110.53	54.5
60544.77778	E11	-109.11	-110.37	78.7
60544.77778	E12	-109.72	-110.81	30.3
60544.77778	E24	-108.82	-109.60	44.2
60544.77778	E25	-109.54	-110.31	73.1
60544.78125	E02	-109.92	-110.90	25.5
60544.78125	E10	-109.90	-110.19	53.0
60544.78125	E11	-109.13	-110.22	78.8
60544.78125	E12	-109.25	-110.56	28.7
60544.78125	E24	-110.62	-109.54	42.9
60544.78125	E25	-109.40	-110.32	74.8
60544.78472	E02	-109.21	-109.59	27.0
60544.78472	E10	-109.00	-109.97	51.4
60544.78472	E11	-109.02	-110.33	78.5
60544.78472	E12	-110.32	-109.96	27.1
60544.78472	E24	-108.85	-110.50	41.6
60544.78472	E25	-109.06	-110.22	76.4
60544.78819	E02	-109.05	-110.47	28.5
60544.78819	E10	-109.34	-110.23	49.8
60544.78819	E11	-108.94	-110.26	77.8
60544.78819	E12	-109.98	-110.25	25.5
60544.78819	E24	-110.29	-110.13	40.2
60544.78819	E25	-109.42	-110.24	78.0
60544.79167	E02	-110.34	-110.18	30.0
60544.79167	E10	-109.65	-110.02	48.2
60544.79167	E11	-109.06	-110.24	76.9
60544.79167	E12	-110.50	-110.00	24.0
60544.79167	E24	-110.17	-110.06	38.9
60544.79167	E25	-110.13	-109.94	79.5
60544.79514	E02	-108.81	-110.27	31.5
60544.79514	E10	-109.48	-110.17	46.6
60544.79514	E11	-109.47	-110.27	75.6
60544.79514	E12	-109.84	-110.66	22.4
60544.79514	E24	-108.99	-110.11	37.5
60544.79514	E25	-108.99	-110.01	81.0
60544.79861	E02	-109.47	-109.76	33.2
60544.79861	E10	-109.42	-110.11	44.8
60544.79861	E11	-109.15	-110.15	74.1
60544.79861	E12	-110.09	-111.00	20.8
60544.79861	E24	-110.02	-110.03	36.0
60544.79861	E25	-108.88	-110.06	82.4
60544.80208	E02	-108.81	-110.09	34.7
60544.80208	E10	-109.43	-110.14	43.1
60544.80208	E11	-109.17	-110.24	72.5
60544.80208	E12	-108.42	-110.72	19.2
60544.80208	E24	-108.80	-109.73	34.6
60544.80208	E25	-108.95	-110.08	83.5
60544.80556	E02	-109.61	-110.31	36.4
60544.80556	E10	-109.18	-110.34	41.5
60544.80556	E11	-109.03	-110.18	70.8
60544.80556	E12	-109.55	-110.56	17.6
60544.80556	E24	-109.91	-110.54	33.1
60544.80556	E25	-109.20	-109.96	84.1
60544.80903	E02	-109.31	-109.83	38.0
60544.80903	E10	-109.41	-110.13	39.8
60544.80903	E11	-109.44	-110.29	69.1
60544.80903	E12	-107.39	-110.82	16.1
60544.80903	E24	-109.56	-110.28	31.6
60544.80903	E25	-108.57	-109.88	84.2
60544.81250	E02	-110.29	-110.27	39.6
60544.81250	E10	-109.68	-110.23	38.1
60544.81250	E11	-109.34	-110.06	67.3
60544.81250	E12	-108.56	-110.67	14.6
60544.81250	E24	-110.54	-109.90	30.1
60544.81250	E25	-108.26	-109.80	83.6
60544.81597	E02	-109.27	-110.02	41.3
60544.81597	E10	-109.19	-110.38	36.4
60544.81597	E11	-109.44	-110.10	65.5
60544.81597	E12	-108.86	-109.23	13.0
60544.81597	E24	-110.09	-110.70	28.6
60544.81597	E25	-108.21	-109.84	82.6
60544.81944	E02	-109.35	-110.40	42.9
60544.81944	E10	-109.91	-110.15	34.8
60544.81944	E11	-109.42	-110.15	63.7
60544.81944	E12	-108.42	-111.27	11.5
60544.81944	E24	-109.67	-110.02	27.1
60544.81944	E25	-108.88	-110.28	81.2
60544.82292	E02	-108.97	-110.33	44.6
60544.82292	E10	-109.29	-110.11	33.1
60544.82292	E11	-109.88	-109.83	61.8
60544.82292	E12	-109.04	-112.35	10.4
60544.82292	E24	-109.96	-110.14	25.5
60544.82292	E25	-108.97	-110.15	79.6
60544.82639	E02	-108.99	-110.15	46.3
60544.82639	E10	-109.02	-110.14	31.5
60544.82639	E11	-109.14	-110.17	60.0
60544.82639	E24	-109.85	-109.81	24.0
60544.82639	E25	-108.36	-110.29	77.8
60544.82986	E02	-109.02	-110.30	48.0
60544.82986	E10	-111.73	-110.54	29.8
60544.82986	E11	-109.75	-110.21	58.2
60544.82986	E24	-109.79	-109.29	22.4
60544.82986	E25	-109.04	-110.13	76.0
60544.83333	E02	-108.93	-110.16	49.7
60544.83333	E10	-108.51	-110.19	28.2
60544.83333	E11	-109.65	-109.85	56.4
60544.83333	E24	-108.92	-109.79	20.9
60544.83333	E25	-109.25	-110.11	74.1
60544.83681	E02	-109.85	-110.88	51.3
60544.83681	E10	-107.80	-110.31	26.6
60544.83681	E11	-109.22	-110.27	54.6
60544.83681	E24	-109.31	-110.59	19.3
60544.83681	E25	-109.09	-110.10	72.2
60544.84028	E02	-109.94	-110.32	53.0
60544.84028	E10	-110.45	-109.99	25.1
60544.84028	E11	-109.27	-110.24	52.8
60544.84028	E24	-109.53	-110.14	17.7
60544.84028	E25	-109.28	-110.28	70.3
60544.84375	E02	-109.44	-110.54	54.7
60544.84375	E10	-110.12	-110.70	23.5
60544.84375	E11	-109.78	-109.95	51.0
60544.84375	E24	-109.74	-109.56	16.2
60544.84375	E25	-109.52	-109.88	68.3
60544.84722	E02	-109.25	-110.08	56.3
60544.84722	E10	-110.66	-110.43	22.0
60544.84722	E11	-110.22	-110.15	49.3
60544.84722	E24	-109.48	-110.19	14.6
60544.84722	E25	-109.10	-110.03	66.3
60544.85069	E02	-109.55	-109.77	57.9
60544.85069	E10	-110.18	-110.55	20.5
60544.85069	E11	-110.06	-110.18	47.6
60544.85069	E24	-110.31	-110.43	13.0
60544.85069	E25	-110.07	-110.10	64.3
60544.85417	E02	-109.66	-109.46	59.4
60544.85417	E10	-109.09	-110.75	19.1
60544.85417	E11	-109.74	-110.38	46.0
60544.85417	E24	-109.44	-110.79	11.5
60544.85417	E25	-109.38	-110.34	62.4
60544.85764	E02	-109.47	-109.77	60.9
60544.85764	E10	-108.54	-110.23	17.6
60544.85764	E11	-109.98	-110.05	44.3
60544.85764	E25	-109.63	-110.19	60.3
60544.85764	E30	-107.51	-112.27	10.3
60544.86111	E02	-108.69	-109.90	62.4
60544.86111	E10	-109.62	-110.33	16.1
60544.86111	E11	-110.22	-110.36	42.6
60544.86111	E25	-110.07	-110.19	58.2
60544.86111	E30	-108.54	-109.33	11.5
60544.86458	E02	-109.49	-110.13	63.8
60544.86458	E10	-108.65	-110.74	14.7
60544.86458	E11	-110.00	-110.47	40.9
60544.86458	E25	-109.30	-110.62	56.2
60544.86458	E30	-109.83	-109.45	12.9
60544.86806	E02	-108.22	-110.11	65.0
60544.86806	E10	-109.45	-111.79	13.3
60544.86806	E11	-109.89	-110.22	39.3
60544.86806	E25	-109.61	-110.43	54.1
60544.86806	E30	-108.46	-110.01	14.4
60544.87153	E02	-108.04	-110.19	66.1
60544.87153	E10	-108.86	-110.21	11.9
60544.87153	E11	-109.62	-110.24	37.8
60544.87153	E25	-109.26	-110.45	52.1
60544.87153	E30	-109.64	-109.34	15.9
60544.87500	E02	-108.29	-110.20	67.1
60544.87500	E10	-109.97	-110.91	10.7
60544.87500	E11	-109.22	-110.33	36.2
60544.87500	E25	-109.46	-110.16	50.1
60544.87500	E30	-108.52	-110.51	17.4
60544.87847	E02	-108.93	-110.10	67.9
60544.87847	E11	-109.68	-110.38	34.7
60544.87847	E25	-109.42	-109.85	48.0
60544.87847	E30	-108.40	-110.40	18.9
60544.88194	E02	-108.58	-109.63	68.5
60544.88194	E11	-110.12	-110.10	33.2
60544.88194	E25	-109.81	-110.46	46.0
60544.88194	E30	-109.77	-110.06	20.4
60544.88542	E02	-109.10	-109.81	68.9
60544.88542	E11	-109.98	-110.20	31.8
60544.88542	E25	-109.18	-109.95	44.0
60544.88542	E30	-109.26	-109.54	21.9
60544.88889	E02	-108.86	-109.93	69.0
60544.88889	E11	-109.77	-110.41	30.3
60544.88889	E25	-109.86	-109.77	42.0
60544.88889	E30	-108.37	-109.91	23.4
60544.89236	E02	-109.52	-110.02	69.0
60544.89236	E11	-108.98	-110.51	28.9
60544.89236	E25	-110.45	-110.78	40.0
60544.89236	E30	-108.81	-109.35	24.8
60544.89583	E02	-108.75	-110.09	68.6
60544.89583	E11	-109.28	-110.60	27.5
60544.89583	E25	-108.94	-110.40	38.0
60544.89583	E30	-109.36	-109.82	26.2
60544.89931	E02	-108.21	-110.26	68.0
60544.89931	E09	-110.82	-110.70	10.2
60544.89931	E11	-109.49	-109.91	26.2
60544.89931	E25	-110.06	-110.52	36.1
60544.89931	E30	-108.69	-110.84	27.6
60544.90278	E02	-108.72	-109.82	67.3
60544.90278	E09	-109.57	-111.11	11.1
60544.90278	E11	-110.00	-109.73	24.8
60544.90278	E25	-108.95	-109.53	34.1
60544.90278	E30	-108.83	-109.70	29.0
60544.90625	E02	-109.27	-110.09	66.3
60544.90625	E09	-108.53	-110.70	12.3
60544.90625	E11	-109.39	-110.95	23.5
60544.90625	E25	-109.44	-110.27	32.1
60544.90625	E30	-109.43	-110.17	30.3
60544.90972	E02	-109.73	-109.85	65.1
60544.90972	E09	-109.69	-110.71	13.5
60544.90972	E11	-108.48	-110.25	22.2
60544.90972	E25	-109.63	-110.32	30.2
60544.90972	E30	-108.42	-110.09	31.6
60544.91319	E02	-109.68	-110.01	63.8
60544.91319	E09	-110.14	-110.74	14.7
60544.91319	E11	-108.79	-110.28	21.0
60544.91319	E25	-109.12	-111.29	28.3
60544.91319	E30	-108.43	-110.93	32.9
60544.91667	E02	-109.90	-110.30	62.5
60544.91667	E09	-109.95	-110.58	15.8
60544.91667	E11	-109.60	-109.91	19.8
60544.91667	E25	-109.69	-111.20	26.5
60544.91667	E30	-108.95	-109.90	34.0
60544.92014	E02	-109.64	-110.09	61.0
60544.92014	E09	-111.01	-110.63	16.9
60544.92014	E11	-110.83	-110.95	18.6
60544.92014	E25	-109.67	-110.59	24.6
60544.92014	E30	-108.76	-109.70	35.2
60544.92361	E02	-108.87	-109.50	59.3
60544.92361	E09	-109.82	-110.11	18.1
60544.92361	E11	-109.10	-110.43	17.3
60544.92361	E25	-109.72	-110.00	22.7
60544.92361	E30	-109.16	-110.07	36.3
60544.92708	E02	-109.59	-110.07	57.6
60544.92708	E09	-108.36	-110.39	19.1
60544.92708	E11	-108.80	-110.28	16.2
60544.92708	E25	-110.85	-110.62	20.9
60544.92708	E30	-108.12	-110.95	37.3
60544.93056	E02	-109.45	-110.40	55.8
60544.93056	E09	-109.36	-109.74	20.2
60544.93056	E11	-108.99	-111.19	15.0
60544.93056	E25	-109.88	-110.54	19.1
60544.93056	E30	-108.38	-110.60	38.2
60544.93403	E02	-109.72	-110.23	54.1
60544.93403	E09	-110.03	-110.32	21.2
60544.93403	E11	-110.08	-111.06	13.9
60544.93403	E25	-109.43	-110.53	17.3
60544.93403	E30	-109.55	-110.57	39.1
60544.93750	E02	-109.89	-110.46	52.2
60544.93750	E05	-108.71	-110.26	13.7
60544.93750	E09	-109.86	-110.49	22.2
60544.93750	E11	-107.29	-110.86	12.8
60544.93750	E25	-109.06	-110.70	15.5
60544.93750	E30	-109.53	-110.90	39.8
60544.94097	E02	-109.88	-110.17	50.4
60544.94097	E05	-109.59	-110.35	15.1
60544.94097	E09	-110.20	-110.53	23.1
60544.94097	E11	-109.10	-111.71	11.7
60544.94097	E25	-109.10	-110.85	13.7
60544.94097	E30	-109.11	-110.25	40.5
60544.94444	E02	-109.79	-110.26	48.5
60544.94444	E05	-109.23	-110.53	16.7
60544.94444	E09	-109.54	-110.62	23.9
60544.94444	E11	-108.69	-110.41	10.6
60544.94444	E25	-109.26	-110.83	12.0
60544.94444	E30	-108.10	-109.97	41.1
60544.94792	E02	-109.87	-110.54	46.6
60544.94792	E05	-109.69	-110.35	18.2
60544.94792	E09	-109.94	-110.21	24.7
60544.94792	E25	-108.74	-109.85	10.6
60544.94792	E30	-108.72	-110.50	41.5
60544.95139	E02	-110.45	-110.39	44.7
60544.95139	E05	-109.57	-110.59	19.7
60544.95139	E09	-109.68	-110.30	25.5
60544.95139	E30	-108.80	-110.21	41.9
60544.95486	E02	-110.10	-109.93	42.8
60544.95486	E05	-109.16	-109.34	21.3
60544.95486	E09	-110.12	-110.36	26.2
60544.95486	E30	-109.37	-110.20	42.1
60544.95833	E02	-111.01	-110.29	40.9
60544.95833	E05	-109.70	-109.88	22.9
60544.95833	E09	-109.24	-109.95	26.8
60544.95833	E30	-109.47	-110.37	42.3
60544.96181	E02	-109.94	-110.32	39.0
60544.96181	E05	-109.94	-110.44	24.4
60544.96181	E09	-109.46	-110.08	27.3
60544.96181	E30	-109.49	-110.66	42.3
60544.96528	E02	-109.42	-109.64	37.1
60544.96528	E05	-110.44	-110.50	26.0
60544.96528	E09	-109.92	-110.06	27.7
60544.96528	E27	-110.01	-109.00	10.0
60544.96528	E30	-109.76	-110.05	42.2
60544.96875	E02	-109.64	-109.67	35.2
60544.96875	E05	-109.37	-110.44	27.6
60544.96875	E09	-109.82	-110.29	28.1
60544.96875	E27	-109.60	-109.61	10.5
60544.96875	E30	-109.77	-110.16	42.0
60544.97222	E02	-109.58	-110.06	33.4
60544.97222	E05	-109.30	-110.39	29.3
60544.97222	E09	-109.49	-109.90	28.4
60544.97222	E27	-110.14	-109.79	11.6
60544.97222	E30	-109.78	-110.78	41.6
60544.97569	E02	-108.85	-109.44	31.5
60544.97569	E05	-109.10	-110.30	30.9
60544.97569	E09	-109.83	-110.32	28.6
60544.97569	E27	-111.75	-111.20	12.6
60544.97569	E30	-108.97	-110.68	41.2
60544.97917	E02	-110.06	-109.96	29.8
60544.97917	E05	-109.65	-110.20	32.4
60544.97917	E09	-110.15	-110.40	28.7
60544.97917	E27	-111.25	-111.58	13.4
60544.97917	E30	-109.45	-109.99	40.7
60544.98264	E02	-109.69	-110.44	27.9
60544.98264	E05	-110.19	-109.99	34.0
60544.98264	E09	-110.07	-110.46	28.7
60544.98264	E27	-109.31	-109.53	14.3
60544.98264	E30	-109.93	-110.36	40.1
60544.98611	E02	-108.68	-109.59	26.1
60544.98611	E03	-110.04	-108.56	10.3
60544.98611	E05	-109.93	-110.51	35.6
60544.98611	E09	-110.81	-110.36	28.6
60544.98611	E15	-110.07	-110.10	20.2
60544.98611	E27	-111.10	-110.91	15.2
60544.98611	E30	-109.96	-109.99	39.3
60544.98958	E02	-110.10	-110.73	24.3
60544.98958	E03	-109.72	-110.39	11.5
60544.98958	E05	-109.42	-110.40	37.2
60544.98958	E09	-110.54	-109.95	28.5
60544.98958	E15	-110.69	-109.99	21.2
60544.98958	E27	-110.68	-110.92	15.9
60544.98958	E30	-108.96	-109.70	38.5
60544.99306	E02	-109.78	-110.26	22.5
60544.99306	E03	-110.38	-111.01	13.1
60544.99306	E05	-109.49	-109.64	38.7
60544.99306	E09	-109.61	-109.94	28.2
60544.99306	E15	-111.64	-109.92	22.2
60544.99306	E27	-109.58	-110.75	16.6
60544.99306	E30	-109.20	-110.14	37.6
60544.99653	E02	-109.79	-111.78	20.8
60544.99653	E03	-109.43	-110.47	14.8
60544.99653	E05	-109.03	-109.95	40.2
60544.99653	E09	-109.98	-110.01	27.9
60544.99653	E15	-110.64	-110.85	23.2
60544.99653	E27	-108.67	-109.90	17.2
60544.99653	E30	-109.33	-109.26	36.6
60545.00000	E02	-109.42	-110.30	19.6
60545.00000	E03	-110.68	-109.61	16.0
60545.00000	E05	-108.88	-110.70	41.3
60545.00000	E09	-110.61	-109.76	27.6
60545.00000	E15	-110.19	-110.32	23.9
60545.00000	E27	-110.69	-110.06	17.6
60545.00000	E30	-110.26	-109.57	35.9
